0 0 6148914691236539050
0 0 6148914691236539050
0 0 6148914691236539050
0 0 6148914691236473514
0 0 6148914691236473514
0 0 6148914691236473514
0 0 6148914691236473514
0 0 6148914691236473514
0 0 6148914691236473514
0 0 6148914691236473514
0 0 6148914691236473514
0 0 6148914691236473514
0 0 6148914691236473514
0 0 6148914691236473514
0 0 6148914691236604586
0 0 6148914691236604586
0 0 6148914691236604586
0 0 6148914691236604586
0 0 6148914691236604586
0 0 6148914691236604586
0 0 6148914691236604586
0 0 6148914691236604586
0 0 6148914691236604586
0 0 6148914691236604586
0 0 6148914691236604586
0 0 6148914691236604586
0 0 6148914691236604586
0 0 6148914691236604586
0 0 6148914691236342442
0 0 6148914691236342442
0 0 6148914691236342442
0 0 6148914691236342442
0 0 6148914691236342442
0 0 6148914691236342442
0 0 6148914691236342442
0 0 6148914691236342442
0 0 6148914691236342442
0 0 6148914691236342442
0 0 6148914691236342442
0 0 6148914691236866730
0 0 6148914691236866730
0 0 6148914691236866730
0 0 6148914691236866730
0 0 6148914691236866730
0 0 6148914691236866730
0 0 6148914691236866730
0 0 6148914691236866730
0 0 6148914691236866730
0 0 6148914691236866730
0 0 6148914691236866730
0 0 6148914691236866730
0 0 6148914691236866730
0 0 6148914691236866730
0 0 6148914691235818154
0 0 6148914691235818154
0 0 6148914691235818154
0 0 6148914691235818154
0 0 6148914691235818154
0 0 6148914691235818154
0 0 6148914691235818154
0 0 6148914691235818154
0 0 6148914691235818154
0 0 6148914691235818154
0 0 6148914691235818154
0 0 6148914691237915306
0 0 6148914691237915306
0 0 6148914691237915306
0 0 6148914691237915306
0 0 6148914691237915306
0 0 6148914691237915306
0 0 6148914691237915306
0 0 6148914691237915306
0 0 6148914691237915306
0 0 6148914691237915306
0 0 6148914691237915306
0 0 6148914691237915306
0 0 6148914691237915306
0 0 6148914691237915306
0 0 6148914691233721002
0 0 6148914691233721002
0 0 6148914691233721002
0 0 6148914691233721002
0 0 6148914691233721002
0 0 6148914691233721002
0 0 6148914691233721002
0 0 6148914691233721002
0 0 6148914691233721002
0 0 6148914691233721002
0 0 6148914691233721002
0 0 6148914691242109610
0 0 6148914691242109610
0 0 6148914691242109610
0 0 6148914691242109610
0 0 6148914691242109610
0 0 6148914691242109610
0 0 6148914691242109610
0 0 6148914691242109610
0 0 6148914691242109610
0 0 6148914691242109610
0 0 6148914691242109610
0 0 6148914691242109610
0 0 6148914691242109610
0 0 6148914691242109610
0 0 6148914691225332394
0 0 6148914691225332394
0 0 6148914691225332394
0 0 6148914691225332394
0 0 6148914691225332394
0 0 6148914691225332394
0 0 6148914691225332394
0 0 6148914691225332394
0 0 6148914691225332394
0 0 6148914691225332394
0 0 6148914691225332394
0 0 6148914691258886826
0 0 6148914691258886826
0 0 6148914691258886826
0 0 6148914691258886826
0 0 6148914691258886826
0 0 6148914691258886826
0 0 6148914691258886826
0 0 6148914691258886826
0 0 6148914691258886826
0 0 6148914691258886826
0 0 6148914691258886826
0 0 6148914691258886826
0 0 6148914691258886826
0 0 6148914691258886826
0 0 6148914691191777962
0 0 6148914691191777962
0 0 6148914691191777962
0 0 6148914691191777962
0 0 6148914691191777962
0 0 6148914691191777962
0 0 6148914691191777962
0 0 6148914691191777962
0 0 6148914691191777962
0 0 6148914691191777962
0 0 6148914691191777962
0 0 6148914691325995690
0 0 6148914691325995690
0 0 6148914691325995690
0 0 6148914691325995690
0 0 6148914691325995690
0 0 6148914691325995690
0 0 6148914691325995690
0 0 6148914691325995690
0 0 6148914691325995690
0 0 6148914691325995690
0 0 6148914691325995690
0 0 6148914691325995690
0 0 6148914691325995690
0 0 6148914691325995690
0 0 6148914691057560234
0 0 6148914691057560234
0 0 6148914691057560234
0 0 6148914691057560234
0 0 6148914691057560234
0 0 6148914691057560234
0 0 6148914691057560234
0 0 6148914691057560234
0 0 6148914691057560234
0 0 6148914691057560234
0 0 6148914691057560234
0 0 6148914691594431146
0 0 6148914691594431146
0 0 6148914691594431146
0 0 6148914691594431146
0 0 6148914691594431146
0 0 6148914691594431146
0 0 6148914691594431146
0 0 6148914691594431146
0 0 6148914691594431146
0 0 6148914691594431146
0 0 6148914691594431146
0 0 6148914691594431146
0 0 6148914691594431146
0 0 6148914691594431146
0 0 6148914690520689322
0 0 6148914690520689322
0 0 6148914690520689322
0 0 6148914690520689322
0 0 6148914690520689322
0 0 6148914690520689322
0 0 6148914690520689322
0 0 6148914690520689322
0 0 6148914690520689322
0 0 6148914690520689322
0 0 6148914690520689322
0 0 6148914692668172970
0 0 6148914692668172970
0 0 6148914692668172970
0 0 6148914692668172970
0 0 6148914692668172970
0 0 6148914692668172970
0 0 6148914692668172970
0 0 6148914692668172970
0 0 6148914692668172970
0 0 6148914692668172970
0 0 6148914692668172970
0 0 6148914692668172970
0 0 6148914692668172970
0 0 6148914692668172970
0 0 6148914688373205674
0 0 6148914688373205674
0 0 6148914688373205674
0 0 6148914688373205674
0 0 6148914688373205674
0 0 6148914688373205674
0 0 6148914688373205674
0 0 6148914688373205674
0 0 6148914688373205674
0 0 6148914688373205674
0 0 6148914688373205674
0 0 6148914696963140266
0 0 6148914696963140266
0 0 6148914696963140266
0 0 6148914696963140266
0 0 6148914696963140266
0 0 6148914696963140266
0 0 6148914696963140266
0 0 6148914696963140266
0 0 6148914696963140266
0 0 6148914696963140266
0 0 6148914696963140266
0 0 6148914696963140266
0 0 6148914696963140266
0 0 6148914696963140266
0 0 6148914679783271082
0 0 6148914679783271082
0 0 6148914679783271082
0 0 6148914679783271082
0 0 6148914679783271082
0 0 6148914679783271082
0 0 6148914679783271082
0 0 6148914679783271082
0 0 6148914679783271082
0 0 6148914679783271082
0 0 6148914679783271082
0 0 6148914714143009450
0 0 6148914714143009450
0 0 6148914714143009450
0 0 6148914714143009450
0 0 6148914714143009450
0 0 6148914714143009450
0 0 6148914714143009450
0 0 6148914714143009450
0 0 6148914714143009450
0 0 6148914714143009450
0 0 6148914714143009450
0 0 6148914714143009450
0 0 6148914714143009450
0 0 6148914714143009450
0 0 6148914645423532714
0 0 6148914645423532714
0 0 6148914645423532714
0 0 6148914645423532714
0 0 6148914645423532714
0 0 6148914645423532714
0 0 6148914645423532714
0 0 6148914645423532714
0 0 6148914645423532714
0 0 6148914645423532714
0 0 6148914645423532714
0 0 6148914782862486186
0 0 6148914782862486186
0 0 6148914782862486186
0 0 6148914782862486186
0 0 6148914782862486186
0 0 6148914782862486186
0 0 6148914782862486186
0 0 6148914782862486186
0 0 6148914782862486186
0 0 6148914782862486186
0 0 6148914782862486186
0 0 6148914782862486186
0 0 6148914782862486186
0 0 6148914782862486186
0 0 6148914507984579242
0 0 6148914507984579242
0 0 6148914507984579242
0 0 6148914507984579242
0 0 6148914507984579242
0 0 6148914507984579242
0 0 6148914507984579242
0 0 6148914507984579242
0 0 6148914507984579242
0 0 6148914507984579242
0 0 6148914507984579242
0 0 6148915057740393130
0 0 6148915057740393130
0 0 6148915057740393130
0 0 6148915057740393130
0 0 6148915057740393130
0 0 6148915057740393130
0 0 6148915057740393130
0 0 6148915057740393130
0 0 6148915057740393130
0 0 6148915057740393130
0 0 6148915057740393130
0 0 6148915057740393130
0 0 6148915057740393130
0 0 6148915057740393130
0 0 6148913958228765354
0 0 6148913958228765354
0 0 6148913958228765354
0 0 6148913958228765354
0 0 6148913958228765354
0 0 6148913958228765354
0 0 6148913958228765354
0 0 6148913958228765354
0 0 6148913958228765354
0 0 6148913958228765354
0 0 6148913958228765354
0 0 6148916157252020906
0 0 6148916157252020906
0 0 6148916157252020906
0 0 6148916157252020906
0 0 6148916157252020906
0 0 6148916157252020906
0 0 6148916157252020906
0 0 6148916157252020906
0 0 6148916157252020906
0 0 6148916157252020906
0 0 6148916157252020906
0 0 6148916157252020906
0 0 6148916157252020906
0 0 6148916157252020906
0 0 6148911759205509802
0 0 6148911759205509802
0 0 6148911759205509802
0 0 6148911759205509802
0 0 6148911759205509802
0 0 6148911759205509802
1 0 6148911759205509802
1 0 6148911759205509802
1 0 6148911759205509802
1 0 6148911759205509802
1 0 6148911759205509802
1 0 6148920555298532010
1 0 6148920555298532010
1 0 6148920555298532010
1 0 6148920555298532010
1 0 6148920555298532010
1 0 6148920555298532010
1 0 6148920555298532010
1 0 6148920555298532010
1 0 6148920555298532010
1 0 6148920555298532010
1 0 6148920555298532010
1 0 6148920555298532010
1 0 6148920555298532010
1 0 6148920555298532010
1 0 6148902963112487594
1 0 6148902963112487594
1 0 6148902963112487594
1 0 6148902963112487594
1 0 6148902963112487594
1 0 6148902963112487594
1 0 6148902963112487594
1 0 6148902963112487594
1 0 6148902963112487594
1 0 6148902963112487594
1 0 6148902963112487594
1 0 6148938147484576426
1 0 6148938147484576426
1 0 6148938147484576426
1 0 6148938147484576426
1 0 6148938147484576426
1 0 6148938147484576426
1 0 6148938147484576426
1 0 6148938147484576426
1 0 6148938147484576426
1 0 6148938147484576426
1 0 6148938147484576426
1 0 6148938147484576426
1 0 6148938147484576426
1 0 6148938147484576426
1 0 6148938147484576426
1 0 6148867778740398762
1 0 6148867778740398762
1 0 6148867778740398762
1 0 6148867778740398762
1 0 6148867778740398762
1 0 6148867778740398762
1 0 6148867778740398762
1 0 6148867778740398762
1 0 6148867778740398762
1 0 6148867778740398762
1 0 6149008516228754090
1 0 6149008516228754090
1 0 6149008516228754090
1 0 6149008516228754090
1 0 6149008516228754090
1 0 6149008516228754090
1 0 6149008516228754090
1 0 6149008516228754090
1 0 6149008516228754090
1 0 6149008516228754090
1 0 6149008516228754090
1 0 6149008516228754090
1 0 6149008516228754090
1 0 6149008516228754090
1 0 6149008516228754090
1 0 6148727041252043434
1 0 6148727041252043434
1 0 6148727041252043434
1 0 6148727041252043434
1 0 6148727041252043434
1 0 6148727041252043434
1 0 6148727041252043434
1 0 6148727041252043434
1 0 6148727041252043434
1 0 6148727041252043434
1 0 6149289991205464746
1 0 6149289991205464746
1 0 6149289991205464746
1 0 6149289991205464746
1 0 6149289991205464746
1 0 6149289991205464746
1 0 6149289991205464746
1 0 6149289991205464746
1 0 6149289991205464746
1 0 6149289991205464746
1 0 6149289991205464746
1 0 6149289991205464746
1 0 6149289991205464746
1 0 6149289991205464746
1 0 6149289991205464746
1 0 6148164091298622122
1 0 6148164091298622122
1 0 6148164091298622122
1 0 6148164091298622122
1 0 6148164091298622122
1 0 6148164091298622122
1 0 6148164091298622122
1 0 6148164091298622122
1 0 6148164091298622122
1 0 6148164091298622122
1 0 6150415891112307370
1 0 6150415891112307370
1 0 6150415891112307370
1 0 6150415891112307370
1 0 6150415891112307370
1 0 6150415891112307370
1 0 6150415891112307370
1 0 6150415891112307370
1 0 6150415891112307370
1 0 6150415891112307370
1 0 6150415891112307370
1 0 6150415891112307370
1 0 6150415891112307370
1 0 6150415891112307370
1 0 6150415891112307370
1 0 6145912291484936874
1 0 6145912291484936874
1 0 6145912291484936874
1 0 6145912291484936874
1 0 6145912291484936874
1 0 6145912291484936874
1 0 6145912291484936874
1 0 6145912291484936874
1 0 6145912291484936874
1 0 6145912291484936874
1 0 6154919490739677866
1 0 6154919490739677866
1 0 6154919490739677866
1 0 6154919490739677866
1 0 6154919490739677866
1 0 6154919490739677866
1 0 6154919490739677866
1 0 6154919490739677866
1 0 6154919490739677866
1 0 6154919490739677866
1 0 6154919490739677866
1 0 6154919490739677866
1 0 6154919490739677866
1 0 6154919490739677866
1 0 6154919490739677866
1 0 6136905092230195882
1 0 6136905092230195882
1 0 6136905092230195882
1 0 6136905092230195882
1 0 6136905092230195882
1 0 6136905092230195882
1 0 6136905092230195882
1 0 6136905092230195882
1 0 6136905092230195882
1 0 6136905092230195882
1 0 6172933889249159850
1 0 6172933889249159850
1 0 6172933889249159850
1 0 6172933889249159850
1 0 6172933889249159850
1 0 6172933889249159850
1 0 6172933889249159850
1 0 6172933889249159850
1 0 6172933889249159850
1 0 6172933889249159850
1 0 6172933889249159850
1 0 6172933889249159850
1 0 6172933889249159850
1 0 6172933889249159850
1 0 6172933889249159850
1 0 6100876295211231914
1 0 6100876295211231914
1 0 6100876295211231914
1 0 6100876295211231914
1 0 6100876295211231914
1 0 6100876295211231914
1 0 6100876295211231914
1 0 6100876295211231914
1 0 6100876295211231914
1 0 6100876295211231914
1 0 6244991483287087786
1 0 6244991483287087786
1 0 6244991483287087786
1 0 6244991483287087786
1 0 6244991483287087786
1 0 6244991483287087786
1 0 6244991483287087786
1 0 6244991483287087786
1 0 6244991483287087786
1 0 6244991483287087786
1 0 6244991483287087786
1 0 6244991483287087786
1 0 6244991483287087786
1 0 6244991483287087786
1 0 6244991483287087786
1 0 5956761107135376042
1 0 5956761107135376042
1 0 5956761107135376042
1 0 5956761107135376042
1 0 5956761107135376042
1 0 5956761107135376042
1 0 5956761107135376042
1 0 5956761107135376042
1 0 5956761107135376042
1 0 5956761107135376042
1 0 6533221859438799530
1 0 6533221859438799530
1 0 6533221859438799530
1 0 6533221859438799530
1 0 6533221859438799530
1 0 6533221859438799530
1 0 6533221859438799530
1 0 6533221859438799530
1 0 6533221859438799530
1 0 6533221859438799530
1 0 6533221859438799530
1 0 6533221859438799530
1 0 6533221859438799530
1 0 6533221859438799530
1 0 6533221859438799530
1 0 5380300354831952554
1 0 5380300354831952554
1 0 5380300354831952554
1 0 5380300354831952554
1 0 5380300354831952554
1 0 5380300354831952554
1 0 5380300354831952554
1 0 5380300354831952554
1 0 5380300354831952554
1 0 5380300354831952554
1 0 7686143364045646506
1 0 7686143364045646506
1 0 7686143364045646506
1 0 7686143364045646506
1 0 7686143364045646506
1 0 7686143364045646506
1 0 7686143364045646506
1 0 7686143364045646506
1 0 7686143364045646506
1 0 7686143364045646506
1 0 7686143364045646506
1 0 7686143364045646506
1 0 7686143364045646506
1 0 7686143364045646506
1 0 7686143364045646506
1 0 3074457345618258602
1 0 3074457345618258602
1 0 3074457345618258602
1 0 3074457345618258602
1 0 3074457345618258602
1 0 3074457345618258602
1 0 3074457345618258602
1 0 3074457345618258602
1 0 3074457345618258602
1 0 3074457345618258602
1 0 3074457345618258603
1 0 3074457345618258603
1 0 3074457345618258603
1 0 3074457345618258603
1 0 3074457345618258603
1 0 3074457345618258603
1 0 3074457345618258603
1 0 3074457345618258603
1 0 3074457345618258603
1 0 3074457345618258603
1 0 3074457345618258603
1 0 3074457345618258603
1 0 3074457345618258603
1 0 3074457345618258603
1 0 3074457345618258603
1 0 3074457345618258601
1 0 3074457345618258601
1 0 3074457345618258601
1 0 3074457345618258601
1 0 3074457345618258601
1 0 3074457345618258601
1 0 3074457345618258601
1 0 3074457345618258601
1 0 3074457345618258601
1 0 3074457345618258601
1 0 3074457345618258605
1 0 3074457345618258605
1 0 3074457345618258605
1 0 3074457345618258605
1 0 3074457345618258605
1 0 3074457345618258605
1 0 3074457345618258605
1 0 3074457345618258605
1 0 3074457345618258605
1 0 3074457345618258605
1 0 3074457345618258605
1 0 3074457345618258605
1 0 3074457345618258605
1 0 3074457345618258605
1 0 3074457345618258605
1 0 3074457345618258597
1 0 3074457345618258597
1 0 3074457345618258597
1 0 3074457345618258597
1 0 3074457345618258597
1 0 3074457345618258597
1 0 3074457345618258597
1 0 3074457345618258597
1 0 3074457345618258597
1 0 3074457345618258613
1 0 3074457345618258613
1 0 3074457345618258613
1 0 3074457345618258613
1 0 3074457345618258613
1 0 3074457345618258613
1 0 3074457345618258613
1 0 3074457345618258613
1 0 3074457345618258613
1 0 3074457345618258613
1 0 3074457345618258613
1 0 3074457345618258613
1 0 3074457345618258613
1 0 3074457345618258613
1 0 3074457345618258613
1 0 3074457345618258613
1 0 3074457345618258581
1 0 3074457345618258581
1 0 3074457345618258581
1 0 3074457345618258581
1 0 3074457345618258581
1 0 3074457345618258581
1 0 3074457345618258581
1 0 3074457345618258581
1 0 3074457345618258581
1 0 3074457345618258645
1 0 3074457345618258645
1 0 3074457345618258645
1 0 3074457345618258645
1 0 3074457345618258645
1 0 3074457345618258645
1 0 3074457345618258645
1 0 3074457345618258645
1 0 3074457345618258645
1 0 3074457345618258645
1 0 3074457345618258645
1 0 3074457345618258645
1 0 3074457345618258645
1 0 3074457345618258645
1 0 3074457345618258645
1 0 3074457345618258645
1 0 3074457345618258517
1 0 3074457345618258517
1 0 3074457345618258517
1 0 3074457345618258517
1 0 3074457345618258517
1 0 3074457345618258517
1 0 3074457345618258517
1 0 3074457345618258517
1 0 3074457345618258517
1 0 3074457345618258773
1 0 3074457345618258773
1 0 3074457345618258773
1 0 3074457345618258773
1 0 3074457345618258773
1 0 3074457345618258773
1 0 3074457345618258773
1 0 3074457345618258773
1 0 3074457345618258773
1 0 3074457345618258773
1 0 3074457345618258773
1 0 3074457345618258773
1 0 3074457345618258773
1 0 3074457345618258773
1 0 3074457345618258773
1 0 3074457345618258261
1 0 3074457345618258261
1 0 3074457345618258261
1 0 3074457345618258261
1 0 3074457345618258261
1 0 3074457345618258261
1 0 3074457345618258261
1 0 3074457345618258261
1 0 3074457345618258261
1 0 3074457345618258261
1 0 3074457345618259285
1 0 3074457345618259285
1 0 3074457345618259285
1 0 3074457345618259285
1 0 3074457345618259285
1 0 3074457345618259285
1 0 3074457345618259285
1 0 3074457345618259285
1 0 3074457345618259285
1 0 3074457345618259285
1 0 3074457345618259285
1 0 3074457345618259285
1 0 3074457345618259285
1 0 3074457345618259285
1 0 3074457345618259285
1 0 3074457345618257237
1 0 3074457345618257237
1 0 3074457345618257237
1 0 3074457345618257237
1 0 3074457345618257237
1 0 3074457345618257237
1 0 3074457345618257237
1 0 3074457345618257237
1 0 3074457345618257237
1 0 3074457345618257237
1 0 3074457345618261333
1 0 3074457345618261333
1 0 3074457345618261333
1 0 3074457345618261333
1 0 3074457345618261333
1 0 3074457345618261333
1 0 3074457345618261333
1 0 3074457345618261333
1 0 3074457345618261333
1 0 3074457345618261333
1 0 3074457345618261333
1 0 3074457345618261333
1 0 3074457345618261333
1 0 3074457345618261333
1 0 3074457345618261333
1 0 3074457345618253141
1 0 3074457345618253141
1 0 3074457345618253141
1 0 3074457345618253141
1 0 3074457345618253141
1 0 3074457345618253141
1 0 3074457345618253141
1 0 3074457345618253141
1 0 3074457345618253141
1 0 3074457345618253141
1 0 3074457345618269525
1 0 3074457345618269525
1 0 3074457345618269525
1 0 3074457345618269525
1 0 3074457345618269525
1 0 3074457345618269525
1 0 3074457345618269525
1 0 3074457345618269525
1 0 3074457345618269525
1 0 3074457345618269525
1 0 3074457345618269525
1 0 3074457345618269525
1 0 3074457345618269525
1 0 3074457345618269525
1 0 3074457345618269525
1 0 3074457345618236757
1 0 3074457345618236757
1 0 3074457345618236757
1 0 3074457345618236757
1 0 3074457345618236757
1 0 3074457345618236757
1 0 3074457345618236757
1 0 3074457345618236757
1 0 3074457345618236757
1 0 3074457345618236757
1 0 3074457345618302293
1 0 3074457345618302293
1 0 3074457345618302293
1 0 3074457345618302293
1 0 3074457345618302293
1 0 3074457345618302293
1 0 3074457345618302293
1 0 3074457345618302293
1 0 3074457345618302293
1 0 3074457345618302293
1 0 3074457345618302293
1 0 3074457345618302293
1 0 3074457345618302293
1 0 3074457345618302293
1 0 3074457345618302293
1 0 3074457345618171221
1 0 3074457345618171221
1 0 3074457345618171221
1 0 3074457345618171221
1 0 3074457345618171221
1 0 3074457345618171221
1 0 3074457345618171221
1 0 3074457345618171221
1 0 3074457345618171221
1 0 3074457345618171221
1 0 3074457345618433365
1 0 3074457345618433365
1 0 3074457345618433365
1 0 3074457345618433365
1 0 3074457345618433365
1 0 3074457345618433365
1 0 3074457345618433365
1 0 3074457345618433365
1 0 3074457345618433365
1 0 3074457345618433365
1 0 3074457345618433365
1 0 3074457345618433365
1 0 3074457345618433365
1 0 3074457345618433365
1 0 3074457345618433365
1 0 3074457345617909077
1 0 3074457345617909077
1 0 3074457345617909077
1 0 3074457345617909077
1 0 3074457345617909077
1 0 3074457345617909077
1 0 3074457345617909077
1 0 3074457345617909077
1 0 3074457345617909077
1 0 3074457345617909077
1 0 3074457345618957653
1 0 3074457345618957653
1 0 3074457345618957653
1 0 3074457345618957653
1 0 3074457345618957653
1 0 3074457345618957653
1 0 3074457345618957653
1 0 3074457345618957653
1 0 3074457345618957653
1 0 3074457345618957653
1 0 3074457345618957653
1 0 3074457345618957653
1 0 3074457345618957653
1 0 3074457345618957653
1 0 3074457345618957653
1 0 3074457345616860501
1 0 3074457345616860501
1 0 3074457345616860501
1 0 3074457345616860501
1 0 3074457345616860501
1 0 3074457345616860501
1 0 3074457345616860501
1 0 3074457345616860501
1 0 3074457345616860501
1 0 3074457345616860501
1 0 3074457345621054805
1 0 3074457345621054805
1 0 3074457345621054805
1 0 3074457345621054805
1 0 3074457345621054805
1 0 3074457345621054805
1 0 3074457345621054805
1 0 3074457345621054805
1 0 3074457345621054805
1 0 3074457345621054805
1 0 3074457345621054805
1 0 3074457345621054805
1 0 3074457345621054805
1 0 3074457345621054805
1 0 3074457345621054805
1 0 3074457345612666197
1 0 3074457345612666197
1 0 3074457345612666197
1 0 3074457345612666197
1 0 3074457345612666197
1 0 3074457345612666197
1 0 3074457345612666197
1 0 3074457345612666197
1 0 3074457345612666197
1 0 3074457345612666197
1 0 3074457345629443413
1 0 3074457345629443413
1 0 3074457345629443413
1 0 3074457345629443413
1 0 3074457345629443413
1 0 3074457345629443413
1 0 3074457345629443413
1 0 3074457345629443413
1 0 3074457345629443413
1 0 3074457345629443413
1 0 3074457345629443413
1 0 3074457345629443413
1 0 3074457345629443413
1 0 3074457345629443413
1 0 3074457345629443413
1 0 3074457345595888981
1 0 3074457345595888981
1 0 3074457345595888981
1 0 3074457345595888981
1 0 3074457345595888981
1 0 3074457345595888981
1 0 3074457345595888981
1 0 3074457345595888981
1 0 3074457345595888981
1 0 3074457345595888981
1 0 3074457345662997845
1 0 3074457345662997845
1 0 3074457345662997845
1 0 3074457345662997845
1 0 3074457345662997845
1 0 3074457345662997845
1 0 3074457345662997845
1 0 3074457345662997845
1 0 3074457345662997845
1 0 3074457345662997845
1 0 3074457345662997845
1 0 3074457345662997845
1 0 3074457345662997845
1 0 3074457345662997845
1 0 3074457345662997845
1 0 3074457345528780117
1 0 3074457345528780117
1 0 3074457345528780117
1 0 3074457345528780117
1 0 3074457345528780117
1 0 3074457345528780117
1 0 3074457345528780117
1 0 3074457345528780117
1 0 3074457345528780117
1 0 3074457345528780117
1 0 3074457345797215573
1 0 3074457345797215573
1 0 3074457345797215573
1 0 3074457345797215573
1 0 3074457345797215573
1 0 3074457345797215573
1 0 3074457345797215573
1 0 3074457345797215573
1 0 3074457345797215573
1 0 3074457345797215573
1 0 3074457345797215573
1 0 3074457345797215573
1 0 3074457345797215573
1 0 3074457345797215573
1 0 3074457345797215573
1 0 3074457345260344661
1 0 3074457345260344661
1 0 3074457345260344661
1 0 3074457345260344661
1 0 3074457345260344661
1 0 3074457345260344661
1 0 3074457345260344661
1 0 3074457345260344661
1 0 3074457345260344661
1 0 3074457345260344661
1 0 3074457346334086485
1 0 3074457346334086485
1 0 3074457346334086485
1 0 3074457346334086485
1 0 3074457346334086485
1 0 3074457346334086485
1 0 3074457346334086485
1 0 3074457346334086485
1 0 3074457346334086485
1 0 3074457346334086485
1 0 3074457346334086485
1 0 3074457346334086485
1 0 3074457346334086485
1 0 3074457346334086485
1 0 3074457346334086485
1 0 3074457344186602837
1 0 3074457344186602837
1 0 3074457344186602837
1 0 3074457344186602837
1 0 3074457344186602837
1 0 3074457344186602837
1 0 3074457344186602837
1 0 3074457344186602837
1 0 3074457344186602837
1 0 3074457344186602837
1 0 3074457348481570133
1 0 3074457348481570133
1 0 3074457348481570133
1 0 3074457348481570133
1 0 3074457348481570133
1 0 3074457348481570133
1 0 3074457348481570133
1 0 3074457348481570133
1 0 3074457348481570133
1 0 3074457348481570133
1 0 3074457348481570133
1 0 3074457348481570133
1 0 3074457348481570133
1 0 3074457348481570133
1 0 3074457348481570133
1 0 3074457339891635541
1 0 3074457339891635541
1 0 3074457339891635541
1 0 3074457339891635541
1 0 3074457339891635541
1 0 3074457339891635541
1 0 3074457339891635541
1 0 3074457339891635541
1 0 3074457339891635541
1 0 3074457339891635541
1 0 3074457357071504725
1 0 3074457357071504725
1 0 3074457357071504725
1 0 3074457357071504725
1 0 3074457357071504725
1 0 3074457357071504725
1 0 3074457357071504725
1 0 3074457357071504725
1 0 3074457357071504725
1 0 3074457357071504725
1 0 3074457357071504725
1 0 3074457357071504725
1 0 3074457357071504725
1 0 3074457357071504725
1 0 3074457357071504725
1 0 3074457322711766357
1 0 3074457322711766357
1 0 3074457322711766357
1 0 3074457322711766357
1 0 3074457322711766357
1 0 3074457322711766357
1 0 3074457322711766357
1 0 3074457322711766357
1 0 3074457322711766357
1 0 3074457391431243093
1 0 3074457391431243093
1 0 3074457391431243093
1 0 3074457391431243093
1 0 3074457391431243093
1 0 3074457391431243093
1 0 3074457391431243093
1 0 3074457391431243093
1 0 3074457391431243093
1 0 3074457391431243093
1 0 3074457391431243093
1 0 3074457391431243093
1 0 3074457391431243093
1 0 3074457391431243093
1 0 3074457391431243093
1 0 3074457391431243093
1 0 3074457253992289621
1 0 3074457253992289621
1 0 3074457253992289621
1 0 3074457253992289621
1 0 3074457253992289621
1 0 3074457253992289621
1 0 3074457253992289621
1 0 3074457253992289621
1 0 3074457253992289621
1 0 3074457528870196565
1 0 3074457528870196565
1 0 3074457528870196565
1 0 3074457528870196565
1 0 3074457528870196565
1 0 3074457528870196565
1 0 3074457528870196565
1 0 3074457528870196565
1 0 3074457528870196565
1 0 3074457528870196565
1 0 3074457528870196565
1 0 3074457528870196565
1 0 3074457528870196565
1 0 3074457528870196565
1 0 3074457528870196565
1 0 3074457528870196565
1 0 3074456979114382677
1 0 3074456979114382677
1 0 3074456979114382677
1 0 3074456979114382677
1 0 3074456979114382677
1 0 3074456979114382677
1 0 3074456979114382677
1 0 3074456979114382677
1 0 3074456979114382677
1 0 3074458078626010453
1 0 3074458078626010453
1 0 3074458078626010453
1 0 3074458078626010453
1 0 3074458078626010453
1 0 3074458078626010453
1 0 3074458078626010453
1 0 3074458078626010453
1 0 3074458078626010453
1 0 3074458078626010453
1 0 3074458078626010453
1 0 3074458078626010453
1 0 3074458078626010453
1 0 3074458078626010453
1 0 3074458078626010453
1 0 3074455879602754901
1 0 3074455879602754901
1 0 3074455879602754901
1 0 3074455879602754901
1 0 3074455879602754901
1 0 3074455879602754901
1 0 3074455879602754901
1 0 3074455879602754901
1 0 3074455879602754901
1 0 3074455879602754901
1 0 3074460277649266005
1 0 3074460277649266005
1 0 3074460277649266005
1 0 3074460277649266005
1 0 3074460277649266005
1 0 3074460277649266005
1 0 3074460277649266005
1 0 3074460277649266005
1 0 3074460277649266005
1 0 3074460277649266005
1 0 3074460277649266005
1 0 3074460277649266005
1 0 3074460277649266005
1 0 3074460277649266005
1 0 3074460277649266005
1 0 3074451481556243797
1 0 3074451481556243797
1 0 3074451481556243797
1 0 3074451481556243797
1 0 3074451481556243797
1 0 3074451481556243797
1 0 3074451481556243797
1 0 3074451481556243797
1 0 3074451481556243797
1 0 3074451481556243797
1 0 3074469073742288213
1 0 3074469073742288213
1 0 3074469073742288213
1 0 3074469073742288213
1 0 3074469073742288213
1 0 3074469073742288213
1 0 3074469073742288213
1 0 3074469073742288213
1 0 3074469073742288213
1 0 3074469073742288213
1 0 3074469073742288213
1 0 3074469073742288213
1 0 3074469073742288213
1 0 3074469073742288213
1 0 3074469073742288213
1 0 3074433889370199381
1 1 3074433889370199381
1 1 3074433889370199381
1 1 3074433889370199381
1 1 3074433889370199381
1 1 3074433889370199381
1 1 3074433889370199381
1 1 3074433889370199381
1 1 3074433889370199381
1 1 3074433889370199381
1 1 3074504258114377045
1 1 3074504258114377045
1 1 3074504258114377045
1 1 3074504258114377045
1 1 3074504258114377045
1 1 3074504258114377045
1 1 3074504258114377045
1 1 3074504258114377045
1 1 3074504258114377045
1 1 3074504258114377045
1 1 3074504258114377045
1 1 3074504258114377045
1 1 3074504258114377045
1 1 3074504258114377045
1 1 3074504258114377045
1 1 3074363520626021717
1 1 3074363520626021717
1 1 3074363520626021717
1 1 3074363520626021717
1 1 3074363520626021717
1 1 3074363520626021717
1 1 3074363520626021717
1 1 3074363520626021717
1 1 3074363520626021717
1 1 3074363520626021717
1 1 3074644995602732373
1 1 3074644995602732373
1 1 3074644995602732373
1 1 3074644995602732373
1 1 3074644995602732373
1 1 3074644995602732373
1 1 3074644995602732373
1 1 3074644995602732373
1 1 3074644995602732373
1 1 3074644995602732373
1 1 3074644995602732373
1 1 3074644995602732373
1 1 3074644995602732373
1 1 3074644995602732373
1 1 3074644995602732373
1 1 3074082045649311061
1 1 3074082045649311061
1 1 3074082045649311061
1 1 3074082045649311061
1 1 3074082045649311061
1 1 3074082045649311061
1 1 3074082045649311061
1 1 3074082045649311061
1 1 3074082045649311061
1 1 3074082045649311061
1 1 3075207945556153685
1 1 3075207945556153685
1 1 3075207945556153685
1 1 3075207945556153685
1 1 3075207945556153685
1 1 3075207945556153685
1 1 3075207945556153685
1 1 3075207945556153685
1 1 3075207945556153685
1 1 3075207945556153685
1 1 3075207945556153685
1 1 3075207945556153685
1 1 3075207945556153685
1 1 3075207945556153685
1 1 3075207945556153685
1 1 3072956145742468437
1 1 3072956145742468437
1 1 3072956145742468437
1 1 3072956145742468437
1 1 3072956145742468437
1 1 3072956145742468437
1 1 3072956145742468437
1 1 3072956145742468437
1 1 3072956145742468437
1 1 3072956145742468437
1 1 3077459745369838933
1 1 3077459745369838933
1 1 3077459745369838933
1 1 3077459745369838933
1 1 3077459745369838933
1 1 3077459745369838933
1 1 3077459745369838933
1 1 3077459745369838933
1 1 3077459745369838933
1 1 3077459745369838933
1 1 3077459745369838933
1 1 3077459745369838933
1 1 3077459745369838933
1 1 3077459745369838933
1 1 3077459745369838933
1 1 3068452546115097941
1 1 3068452546115097941
1 1 3068452546115097941
1 1 3068452546115097941
1 1 3068452546115097941
1 1 3068452546115097941
1 1 3068452546115097941
1 1 3068452546115097941
1 1 3068452546115097941
1 1 3068452546115097941
1 1 3086466944624579925
1 1 3086466944624579925
1 1 3086466944624579925
1 1 3086466944624579925
1 1 3086466944624579925
1 1 3086466944624579925
1 1 3086466944624579925
1 1 3086466944624579925
1 1 3086466944624579925
1 1 3086466944624579925
1 1 3086466944624579925
1 1 3086466944624579925
1 1 3086466944624579925
1 1 3086466944624579925
1 1 3086466944624579925
1 1 3050438147605615957
1 1 3050438147605615957
1 1 3050438147605615957
1 1 3050438147605615957
1 1 3050438147605615957
1 1 3050438147605615957
1 1 3050438147605615957
1 1 3050438147605615957
1 1 3050438147605615957
1 1 3050438147605615957
1 1 3122495741643543893
1 1 3122495741643543893
1 1 3122495741643543893
1 1 3122495741643543893
1 1 3122495741643543893
1 1 3122495741643543893
1 1 3122495741643543893
1 1 3122495741643543893
1 1 3122495741643543893
1 1 3122495741643543893
1 1 3122495741643543893
1 1 3122495741643543893
1 1 3122495741643543893
1 1 3122495741643543893
1 1 3122495741643543893
1 1 2978380553567688021
1 1 2978380553567688021
1 1 2978380553567688021
1 1 2978380553567688021
1 1 2978380553567688021
1 1 2978380553567688021
1 1 2978380553567688021
1 1 2978380553567688021
1 1 2978380553567688021
1 1 2978380553567688021
1 1 3266610929719399765
1 1 3266610929719399765
1 1 3266610929719399765
1 1 3266610929719399765
1 1 3266610929719399765
1 1 3266610929719399765
1 1 3266610929719399765
1 1 3266610929719399765
1 1 3266610929719399765
1 1 3266610929719399765
1 1 3266610929719399765
1 1 3266610929719399765
1 1 3266610929719399765
1 1 3266610929719399765
1 1 3266610929719399765
1 1 2690150177415976277
1 1 2690150177415976277
1 1 2690150177415976277
1 1 2690150177415976277
1 1 2690150177415976277
1 1 2690150177415976277
1 1 2690150177415976277
1 1 2690150177415976277
1 1 2690150177415976277
1 1 2690150177415976277
1 1 3843071682022823253
1 1 3843071682022823253
1 1 3843071682022823253
1 1 3843071682022823253
1 1 3843071682022823253
1 1 3843071682022823253
1 1 3843071682022823253
1 1 3843071682022823253
1 1 3843071682022823253
1 1 3843071682022823253
1 1 3843071682022823253
1 1 3843071682022823253
1 1 3843071682022823253
1 1 3843071682022823253
1 1 3843071682022823253
1 1 1537228672809129301
1 1 1537228672809129301
1 1 1537228672809129301
1 1 1537228672809129301
1 1 1537228672809129301
1 1 1537228672809129301
1 1 1537228672809129301
1 1 1537228672809129301
1 1 1537228672809129301
1 1 6148914691236517205
1 1 6148914691236517205
1 1 6148914691236517205
1 1 6148914691236517205
1 1 6148914691236517205
1 1 6148914691236517205
1 1 6148914691236517205
1 1 6148914691236517205
1 1 6148914691236517205
1 1 6148914691236517205
1 1 6148914691236517205
1 1 6148914691236517205
1 1 6148914691236517205
1 1 6148914691236517205
1 1 6148914691236517205
1 1 6148914691236517205
1 1 6148914691236517204
1 1 6148914691236517204
1 1 6148914691236517204
1 1 6148914691236517204
1 1 6148914691236517204
1 1 6148914691236517204
1 1 6148914691236517204
1 1 6148914691236517204
1 1 6148914691236517204
1 1 6148914691236517206
1 1 6148914691236517206
1 1 6148914691236517206
1 1 6148914691236517206
1 1 6148914691236517206
1 1 6148914691236517206
1 1 6148914691236517206
1 1 6148914691236517206
1 1 6148914691236517206
1 1 6148914691236517206
1 1 6148914691236517206
1 1 6148914691236517206
1 1 6148914691236517206
1 1 6148914691236517206
1 1 6148914691236517206
1 1 6148914691236517206
1 1 6148914691236517202
1 1 6148914691236517202
1 1 6148914691236517202
1 1 6148914691236517202
1 1 6148914691236517202
1 1 6148914691236517202
1 1 6148914691236517202
1 1 6148914691236517202
1 1 6148914691236517202
1 1 6148914691236517210
1 1 6148914691236517210
1 1 6148914691236517210
1 1 6148914691236517210
1 1 6148914691236517210
1 1 6148914691236517210
1 1 6148914691236517210
1 1 6148914691236517210
1 1 6148914691236517210
1 1 6148914691236517210
1 1 6148914691236517210
1 1 6148914691236517210
1 1 6148914691236517210
1 1 6148914691236517210
1 1 6148914691236517210
1 1 6148914691236517210
1 1 6148914691236517194
1 1 6148914691236517194
1 1 6148914691236517194
1 1 6148914691236517194
1 1 6148914691236517194
1 1 6148914691236517194
1 1 6148914691236517194
1 1 6148914691236517194
1 1 6148914691236517194
1 1 6148914691236517226
1 1 6148914691236517226
1 1 6148914691236517226
1 1 6148914691236517226
1 1 6148914691236517226
1 1 6148914691236517226
1 1 6148914691236517226
1 1 6148914691236517226
1 1 6148914691236517226
1 1 6148914691236517226
1 1 6148914691236517226
1 1 6148914691236517226
1 1 6148914691236517226
1 1 6148914691236517226
1 1 6148914691236517226
1 1 6148914691236517226
1 1 6148914691236517162
1 1 6148914691236517162
1 1 6148914691236517162
1 1 6148914691236517162
1 1 6148914691236517162
1 1 6148914691236517162
1 1 6148914691236517162
1 1 6148914691236517162
1 1 6148914691236517162
1 1 6148914691236517290
1 1 6148914691236517290
1 1 6148914691236517290
1 1 6148914691236517290
1 1 6148914691236517290
1 1 6148914691236517290
1 1 6148914691236517290
1 1 6148914691236517290
1 1 6148914691236517290
1 1 6148914691236517290
1 1 6148914691236517290
1 1 6148914691236517290
1 1 6148914691236517290
1 1 6148914691236517290
1 1 6148914691236517290
1 1 6148914691236517290
1 1 6148914691236517034
1 1 6148914691236517034
1 1 6148914691236517034
1 1 6148914691236517034
1 1 6148914691236517034
1 1 6148914691236517034
1 1 6148914691236517034
1 1 6148914691236517034
1 1 6148914691236517034
1 1 6148914691236517546
1 1 6148914691236517546
1 1 6148914691236517546
1 1 6148914691236517546
1 1 6148914691236517546
1 1 6148914691236517546
1 1 6148914691236517546
1 1 6148914691236517546
1 1 6148914691236517546
1 1 6148914691236517546
1 1 6148914691236517546
1 1 6148914691236517546
1 1 6148914691236517546
1 1 6148914691236517546
1 1 6148914691236517546
1 1 6148914691236517546
1 1 6148914691236516522
1 1 6148914691236516522
1 1 6148914691236516522
1 1 6148914691236516522
1 1 6148914691236516522
1 1 6148914691236516522
1 1 6148914691236516522
1 1 6148914691236516522
1 1 6148914691236516522
1 1 6148914691236518570
1 1 6148914691236518570
1 1 6148914691236518570
1 1 6148914691236518570
1 1 6148914691236518570
1 1 6148914691236518570
1 1 6148914691236518570
1 1 6148914691236518570
1 1 6148914691236518570
1 1 6148914691236518570
1 1 6148914691236518570
1 1 6148914691236518570
1 1 6148914691236518570
1 1 6148914691236518570
1 1 6148914691236518570
1 1 6148914691236518570
1 1 6148914691236514474
1 1 6148914691236514474
1 1 6148914691236514474
1 1 6148914691236514474
1 1 6148914691236514474
1 1 6148914691236514474
1 1 6148914691236514474
1 1 6148914691236514474
1 1 6148914691236514474
1 1 6148914691236522666
1 1 6148914691236522666
1 1 6148914691236522666
1 1 6148914691236522666
1 1 6148914691236522666
1 1 6148914691236522666
1 1 6148914691236522666
1 1 6148914691236522666
1 1 6148914691236522666
1 1 6148914691236522666
1 1 6148914691236522666
1 1 6148914691236522666
1 1 6148914691236522666
1 1 6148914691236522666
1 1 6148914691236522666
1 1 6148914691236522666
1 1 6148914691236506282
1 1 6148914691236506282
1 1 6148914691236506282
1 1 6148914691236506282
1 1 6148914691236506282
1 1 6148914691236506282
1 1 6148914691236506282
1 1 6148914691236506282
1 1 6148914691236506282
1 1 6148914691236539050
1 1 6148914691236539050
1 1 6148914691236539050
1 1 6148914691236539050
1 1 6148914691236539050
1 1 6148914691236539050
1 1 6148914691236539050
1 1 6148914691236539050
1 1 6148914691236539050
1 1 6148914691236539050
1 1 6148914691236539050
1 1 6148914691236539050
1 1 6148914691236539050
1 1 6148914691236539050
1 1 6148914691236539050
1 1 6148914691236539050
1 1 6148914691236473514
1 1 6148914691236473514
1 1 6148914691236473514
1 1 6148914691236473514
1 1 6148914691236473514
1 1 6148914691236473514
1 1 6148914691236473514
1 1 6148914691236473514
1 1 6148914691236473514
1 1 6148914691236604586
1 1 6148914691236604586
1 1 6148914691236604586
1 1 6148914691236604586
1 1 6148914691236604586
1 1 6148914691236604586
1 1 6148914691236604586
1 1 6148914691236604586
1 1 6148914691236604586
1 1 6148914691236604586
1 1 6148914691236604586
1 1 6148914691236604586
1 1 6148914691236604586
1 1 6148914691236604586
1 1 6148914691236604586
1 1 6148914691236604586
1 1 6148914691236342442
1 1 6148914691236342442
1 1 6148914691236342442
1 1 6148914691236342442
1 1 6148914691236342442
1 1 6148914691236342442
1 1 6148914691236342442
1 1 6148914691236342442
1 1 6148914691236342442
1 1 6148914691236866730
1 1 6148914691236866730
1 1 6148914691236866730
1 1 6148914691236866730
1 1 6148914691236866730
1 1 6148914691236866730
1 1 6148914691236866730
1 1 6148914691236866730
1 1 6148914691236866730
1 1 6148914691236866730
1 1 6148914691236866730
1 1 6148914691236866730
1 1 6148914691236866730
1 1 6148914691236866730
1 1 6148914691236866730
1 1 6148914691236866730
1 1 6148914691235818154
1 1 6148914691235818154
1 1 6148914691235818154
1 1 6148914691235818154
1 1 6148914691235818154
1 1 6148914691235818154
1 1 6148914691235818154
1 1 6148914691235818154
1 1 6148914691235818154
1 1 6148914691237915306
1 1 6148914691237915306
1 1 6148914691237915306
1 1 6148914691237915306
1 1 6148914691237915306
1 1 6148914691237915306
1 1 6148914691237915306
1 1 6148914691237915306
1 1 6148914691237915306
1 1 6148914691237915306
1 1 6148914691237915306
1 1 6148914691237915306
1 1 6148914691237915306
1 1 6148914691237915306
1 1 6148914691237915306
1 1 6148914691237915306
1 1 6148914691233721002
1 1 6148914691233721002
1 1 6148914691233721002
1 1 6148914691233721002
1 1 6148914691233721002
1 1 6148914691233721002
1 1 6148914691233721002
1 1 6148914691233721002
1 1 6148914691233721002
1 1 6148914691242109610
1 1 6148914691242109610
1 1 6148914691242109610
1 1 6148914691242109610
1 1 6148914691242109610
1 1 6148914691242109610
1 1 6148914691242109610
1 1 6148914691242109610
1 1 6148914691242109610
1 1 6148914691242109610
1 1 6148914691242109610
1 1 6148914691242109610
1 1 6148914691242109610
1 1 6148914691242109610
1 1 6148914691242109610
1 1 6148914691242109610
1 1 6148914691225332394
1 1 6148914691225332394
1 1 6148914691225332394
1 1 6148914691225332394
1 1 6148914691225332394
1 1 6148914691225332394
1 1 6148914691225332394
1 1 6148914691225332394
1 1 6148914691225332394
1 1 6148914691258886826
1 1 6148914691258886826
1 1 6148914691258886826
1 1 6148914691258886826
1 1 6148914691258886826
1 1 6148914691258886826
1 1 6148914691258886826
1 1 6148914691258886826
1 1 6148914691258886826
1 1 6148914691258886826
1 1 6148914691258886826
1 1 6148914691258886826
1 1 6148914691258886826
1 1 6148914691258886826
1 1 6148914691258886826
1 1 6148914691258886826
1 1 6148914691191777962
1 1 6148914691191777962
1 1 6148914691191777962
1 1 6148914691191777962
1 1 6148914691191777962
1 1 6148914691191777962
1 1 6148914691191777962
1 1 6148914691191777962
1 1 6148914691191777962
1 1 6148914691325995690
1 1 6148914691325995690
1 1 6148914691325995690
1 1 6148914691325995690
1 1 6148914691325995690
1 1 6148914691325995690
1 1 6148914691325995690
1 1 6148914691325995690
1 1 6148914691325995690
1 1 6148914691325995690
1 1 6148914691325995690
1 1 6148914691325995690
1 1 6148914691325995690
1 1 6148914691325995690
1 1 6148914691325995690
1 1 6148914691325995690
1 1 6148914691057560234
1 1 6148914691057560234
1 1 6148914691057560234
1 1 6148914691057560234
1 1 6148914691057560234
1 1 6148914691057560234
1 1 6148914691057560234
1 1 6148914691057560234
1 1 6148914691057560234
1 1 6148914691594431146
1 1 6148914691594431146
1 1 6148914691594431146
1 1 6148914691594431146
1 1 6148914691594431146
1 1 6148914691594431146
1 1 6148914691594431146
1 1 6148914691594431146
1 1 6148914691594431146
1 1 6148914691594431146
1 1 6148914691594431146
1 1 6148914691594431146
1 1 6148914691594431146
1 1 6148914691594431146
1 1 6148914691594431146
1 1 6148914691594431146
1 1 6148914690520689322
1 1 6148914690520689322
1 1 6148914690520689322
1 1 6148914690520689322
1 1 6148914690520689322
1 1 6148914690520689322
1 1 6148914690520689322
1 1 6148914690520689322
1 1 6148914690520689322
1 1 6148914692668172970
1 1 6148914692668172970
1 1 6148914692668172970
1 1 6148914692668172970
1 1 6148914692668172970
1 1 6148914692668172970
1 1 6148914692668172970
1 1 6148914692668172970
1 1 6148914692668172970
1 1 6148914692668172970
1 1 6148914692668172970
1 1 6148914692668172970
1 1 6148914692668172970
1 1 6148914692668172970
1 1 6148914692668172970
1 1 6148914692668172970
1 1 6148914688373205674
1 1 6148914688373205674
1 1 6148914688373205674
1 1 6148914688373205674
1 1 6148914688373205674
1 1 6148914688373205674
1 1 6148914688373205674
1 1 6148914688373205674
1 1 6148914688373205674
1 1 6148914696963140266
1 1 6148914696963140266
1 1 6148914696963140266
1 1 6148914696963140266
1 1 6148914696963140266
1 1 6148914696963140266
1 1 6148914696963140266
1 1 6148914696963140266
1 1 6148914696963140266
1 1 6148914696963140266
1 1 6148914696963140266
1 1 6148914696963140266
1 1 6148914696963140266
1 1 6148914696963140266
1 1 6148914696963140266
1 1 6148914696963140266
1 1 6148914679783271082
1 1 6148914679783271082
1 1 6148914679783271082
1 1 6148914679783271082
1 1 6148914679783271082
1 1 6148914679783271082
1 1 6148914679783271082
1 1 6148914679783271082
1 1 6148914679783271082
1 1 6148914714143009450
1 1 6148914714143009450
1 1 6148914714143009450
1 1 6148914714143009450
1 1 6148914714143009450
1 1 6148914714143009450
1 1 6148914714143009450
1 1 6148914714143009450
1 1 6148914714143009450
1 1 6148914714143009450
1 1 6148914714143009450
1 1 6148914714143009450
1 1 6148914714143009450
1 1 6148914714143009450
1 1 6148914714143009450
1 1 6148914714143009450
1 1 6148914645423532714
1 1 6148914645423532714
1 1 6148914645423532714
1 1 6148914645423532714
1 1 6148914645423532714
1 1 6148914645423532714
1 1 6148914645423532714
1 1 6148914645423532714
1 1 6148914645423532714
1 1 6148914782862486186
1 1 6148914782862486186
1 1 6148914782862486186
1 1 6148914782862486186
1 1 6148914782862486186
1 1 6148914782862486186
1 1 6148914782862486186
1 1 6148914782862486186
1 1 6148914782862486186
1 1 6148914782862486186
1 1 6148914782862486186
1 1 6148914782862486186
1 1 6148914782862486186
1 1 6148914782862486186
1 1 6148914782862486186
1 1 6148914782862486186
1 1 6148914507984579242
1 1 6148914507984579242
1 1 6148914507984579242
1 1 6148914507984579242
1 1 6148914507984579242
1 1 6148914507984579242
1 1 6148914507984579242
1 1 6148914507984579242
1 1 6148914507984579242
1 1 6148915057740393130
1 1 6148915057740393130
1 1 6148915057740393130
1 1 6148915057740393130
1 1 6148915057740393130
1 1 6148915057740393130
1 1 6148915057740393130
1 1 6148915057740393130
1 1 6148915057740393130
1 1 6148915057740393130
1 1 6148915057740393130
1 1 6148915057740393130
1 1 6148915057740393130
1 1 6148915057740393130
1 1 6148915057740393130
1 1 6148915057740393130
1 1 6148913958228765354
1 1 6148913958228765354
1 1 6148913958228765354
1 1 6148913958228765354
1 1 6148913958228765354
1 1 6148913958228765354
1 1 6148913958228765354
1 1 6148913958228765354
1 1 6148913958228765354
1 1 6148916157252020906
1 1 6148916157252020906
1 1 6148916157252020906
1 1 6148916157252020906
1 1 6148916157252020906
1 1 6148916157252020906
1 1 6148916157252020906
1 1 6148916157252020906
1 1 6148916157252020906
1 1 6148916157252020906
1 1 6148916157252020906
1 1 6148916157252020906
1 1 6148916157252020906
1 1 6148916157252020906
1 1 6148916157252020906
1 1 6148916157252020906
1 1 6148911759205509802
1 1 6148911759205509802
1 1 6148911759205509802
1 1 6148911759205509802
1 1 6148911759205509802
1 1 6148911759205509802
1 1 6148911759205509802
1 1 6148911759205509802
1 1 6148911759205509802
1 1 6148920555298532010
1 1 6148920555298532010
1 1 6148920555298532010
1 1 6148920555298532010
1 1 6148920555298532010
1 1 6148920555298532010
1 1 6148920555298532010
1 1 6148920555298532010
1 1 6148920555298532010
0 1 6148920555298532010
0 1 6148920555298532010
0 1 6148920555298532010
0 1 6148920555298532010
0 1 6148920555298532010
0 1 6148920555298532010
0 1 6148920555298532010
0 1 6148902963112487594
0 1 6148902963112487594
0 1 6148902963112487594
0 1 6148902963112487594
0 1 6148902963112487594
0 1 6148902963112487594
0 1 6148902963112487594
0 1 6148902963112487594
0 1 6148902963112487594
0 1 6148938147484576426
0 1 6148938147484576426
0 1 6148938147484576426
0 1 6148938147484576426
0 1 6148938147484576426
0 1 6148938147484576426
0 1 6148938147484576426
0 1 6148938147484576426
0 1 6148938147484576426
0 1 6148938147484576426
0 1 6148938147484576426
0 1 6148938147484576426
0 1 6148938147484576426
0 1 6148938147484576426
0 1 6148938147484576426
0 1 6148938147484576426
0 1 6148867778740398762
0 1 6148867778740398762
0 1 6148867778740398762
0 1 6148867778740398762
0 1 6148867778740398762
0 1 6148867778740398762
0 1 6148867778740398762
0 1 6148867778740398762
0 1 6148867778740398762
0 1 6149008516228754090
0 1 6149008516228754090
0 1 6149008516228754090
0 1 6149008516228754090
0 1 6149008516228754090
0 1 6149008516228754090
0 1 6149008516228754090
0 1 6149008516228754090
0 1 6149008516228754090
0 1 6149008516228754090
0 1 6149008516228754090
0 1 6149008516228754090
0 1 6149008516228754090
0 1 6149008516228754090
0 1 6149008516228754090
0 1 6149008516228754090
0 1 6148727041252043434
0 1 6148727041252043434
0 1 6148727041252043434
0 1 6148727041252043434
0 1 6148727041252043434
0 1 6148727041252043434
0 1 6148727041252043434
0 1 6148727041252043434
0 1 6148727041252043434
0 1 6149289991205464746
0 1 6149289991205464746
0 1 6149289991205464746
2 1 6149289991205464746
2 1 6149289991205464746
2 1 6149289991205464746
2 1 6149289991205464746
2 1 6149289991205464746
2 1 6149289991205464746
2 1 6149289991205464746
2 1 6149289991205464746
2 1 6149289991205464746
2 1 6149289991205464746
2 1 6149289991205464746
2 1 6149289991205464746
2 1 6149289991205464746
2 1 6148164091298622122
2 1 6148164091298622122
2 1 6148164091298622122
2 1 6148164091298622122
2 1 6148164091298622122
2 1 6148164091298622122
2 1 6148164091298622122
2 1 6148164091298622122
2 1 6148164091298622122
2 1 6150415891112307370
2 1 6150415891112307370
2 1 6150415891112307370
2 1 6150415891112307370
2 1 6150415891112307370
2 1 6150415891112307370
2 1 6150415891112307370
2 1 6150415891112307370
2 1 6150415891112307370
2 1 6150415891112307370
2 1 6150415891112307370
2 1 6150415891112307370
2 1 6150415891112307370
2 1 6150415891112307370
2 1 6150415891112307370
2 1 6150415891112307370
2 1 6145912291484936874
2 1 6145912291484936874
2 1 6145912291484936874
2 1 6145912291484936874
2 1 6145912291484936874
2 1 6145912291484936874
2 1 6145912291484936874
2 1 6145912291484936874
2 1 6145912291484936874
2 1 6154919490739677866
2 1 6154919490739677866
2 1 6154919490739677866
2 1 6154919490739677866
2 1 6154919490739677866
2 1 6154919490739677866
2 1 6154919490739677866
2 1 6154919490739677866
2 1 6154919490739677866
2 1 6154919490739677866
2 1 6154919490739677866
2 1 6154919490739677866
2 1 6154919490739677866
2 1 6154919490739677866
2 1 6154919490739677866
2 1 6154919490739677866
2 1 6136905092230195882
2 1 6136905092230195882
2 1 6136905092230195882
2 1 6136905092230195882
2 1 6136905092230195882
2 1 6136905092230195882
2 1 6136905092230195882
2 1 6136905092230195882
2 1 6136905092230195882
2 1 6172933889249159850
2 1 6172933889249159850
2 1 6172933889249159850
2 1 6172933889249159850
2 1 6172933889249159850
2 1 6172933889249159850
2 1 6172933889249159850
2 1 6172933889249159850
2 1 6172933889249159850
2 1 6172933889249159850
2 1 6172933889249159850
2 1 6172933889249159850
2 1 6172933889249159850
2 1 6172933889249159850
2 1 6172933889249159850
2 1 6172933889249159850
2 1 6100876295211231914
2 1 6100876295211231914
2 1 6100876295211231914
2 1 6100876295211231914
2 1 6100876295211231914
2 1 6100876295211231914
2 1 6100876295211231914
2 1 6100876295211231914
2 1 6100876295211231914
2 1 6244991483287087786
2 1 6244991483287087786
2 1 6244991483287087786
2 1 6244991483287087786
2 1 6244991483287087786
2 1 6244991483287087786
2 1 6244991483287087786
2 1 6244991483287087786
2 1 6244991483287087786
2 1 6244991483287087786
2 1 6244991483287087786
2 1 6244991483287087786
2 1 6244991483287087786
2 1 6244991483287087786
2 1 6244991483287087786
2 1 6244991483287087786
2 1 5956761107135376042
2 1 5956761107135376042
2 1 5956761107135376042
2 1 5956761107135376042
2 1 5956761107135376042
2 1 5956761107135376042
2 1 5956761107135376042
2 1 5956761107135376042
2 1 5956761107135376042
2 1 6533221859438799530
2 1 6533221859438799530
2 1 6533221859438799530
2 1 6533221859438799530
2 1 6533221859438799530
2 1 6533221859438799530
2 1 6533221859438799530
2 1 6533221859438799530
2 1 6533221859438799530
2 1 6533221859438799530
2 1 6533221859438799530
2 1 6533221859438799530
2 1 6533221859438799530
2 1 6533221859438799530
2 1 6533221859438799530
2 1 6533221859438799530
2 1 5380300354831952554
2 1 5380300354831952554
2 1 5380300354831952554
2 1 5380300354831952554
2 1 5380300354831952554
2 1 5380300354831952554
2 1 5380300354831952554
2 1 5380300354831952554
2 1 5380300354831952554
2 1 7686143364045646506
2 1 7686143364045646506
2 1 7686143364045646506
2 1 7686143364045646506
2 1 7686143364045646506
2 1 7686143364045646506
2 1 7686143364045646506
2 1 7686143364045646506
2 1 7686143364045646506
2 1 7686143364045646506
2 1 7686143364045646506
2 1 7686143364045646506
2 1 7686143364045646506
2 1 7686143364045646506
2 1 7686143364045646506
2 1 3074457345618258602
2 1 3074457345618258602
2 1 3074457345618258602
2 1 3074457345618258602
2 1 3074457345618258602
2 1 3074457345618258602
2 1 3074457345618258602
2 1 3074457345618258602
2 1 3074457345618258602
2 1 3074457345618258602
2 1 3074457345618258603
2 1 3074457345618258603
2 1 3074457345618258603
2 1 3074457345618258603
2 1 3074457345618258603
2 1 3074457345618258603
2 1 3074457345618258603
2 1 3074457345618258603
2 1 3074457345618258603
2 1 3074457345618258603
2 1 3074457345618258603
2 1 3074457345618258603
2 1 3074457345618258603
2 1 3074457345618258603
2 1 3074457345618258603
2 1 3074457345618258601
2 1 3074457345618258601
2 1 3074457345618258601
2 1 3074457345618258601
2 1 3074457345618258601
2 1 3074457345618258601
2 1 3074457345618258601
2 1 3074457345618258601
2 1 3074457345618258601
2 1 3074457345618258601
2 1 3074457345618258605
2 1 3074457345618258605
2 1 3074457345618258605
2 1 3074457345618258605
2 1 3074457345618258605
2 1 3074457345618258605
2 1 3074457345618258605
2 1 3074457345618258605
2 1 3074457345618258605
2 1 3074457345618258605
2 1 3074457345618258605
2 1 3074457345618258605
2 1 3074457345618258605
2 1 3074457345618258605
2 1 3074457345618258605
2 1 3074457345618258597
2 1 3074457345618258597
2 1 3074457345618258597
2 1 3074457345618258597
2 1 3074457345618258597
2 1 3074457345618258597
2 1 3074457345618258597
2 1 3074457345618258597
2 1 3074457345618258597
2 1 3074457345618258597
2 1 3074457345618258613
2 1 3074457345618258613
2 1 3074457345618258613
2 1 3074457345618258613
2 1 3074457345618258613
2 1 3074457345618258613
2 1 3074457345618258613
2 1 3074457345618258613
2 1 3074457345618258613
2 1 3074457345618258613
2 1 3074457345618258613
2 1 3074457345618258613
2 1 3074457345618258613
2 1 3074457345618258613
2 1 3074457345618258613
2 1 3074457345618258581
2 1 3074457345618258581
2 1 3074457345618258581
2 1 3074457345618258581
2 1 3074457345618258581
2 1 3074457345618258581
2 1 3074457345618258581
2 1 3074457345618258581
2 1 3074457345618258581
2 1 3074457345618258581
2 1 3074457345618258645
2 1 3074457345618258645
2 1 3074457345618258645
2 1 3074457345618258645
2 1 3074457345618258645
2 1 3074457345618258645
2 1 3074457345618258645
2 1 3074457345618258645
2 1 3074457345618258645
2 1 3074457345618258645
2 1 3074457345618258645
2 1 3074457345618258645
2 1 3074457345618258645
2 1 3074457345618258645
2 1 3074457345618258645
2 1 3074457345618258517
2 1 3074457345618258517
2 1 3074457345618258517
2 1 3074457345618258517
2 1 3074457345618258517
2 1 3074457345618258517
2 1 3074457345618258517
2 1 3074457345618258517
2 1 3074457345618258517
2 1 3074457345618258517
2 1 3074457345618258773
2 1 3074457345618258773
2 1 3074457345618258773
2 1 3074457345618258773
2 1 3074457345618258773
2 1 3074457345618258773
2 1 3074457345618258773
2 1 3074457345618258773
2 1 3074457345618258773
2 1 3074457345618258773
2 1 3074457345618258773
2 1 3074457345618258773
2 1 3074457345618258773
2 1 3074457345618258773
2 1 3074457345618258773
2 1 3074457345618258261
2 1 3074457345618258261
2 1 3074457345618258261
2 1 3074457345618258261
2 1 3074457345618258261
2 1 3074457345618258261
2 1 3074457345618258261
2 1 3074457345618258261
2 1 3074457345618258261
2 1 3074457345618258261
2 1 3074457345618259285
2 1 3074457345618259285
2 1 3074457345618259285
2 1 3074457345618259285
2 1 3074457345618259285
2 1 3074457345618259285
2 1 3074457345618259285
2 1 3074457345618259285
2 1 3074457345618259285
2 1 3074457345618259285
2 1 3074457345618259285
2 1 3074457345618259285
2 1 3074457345618259285
2 1 3074457345618259285
2 1 3074457345618259285
2 1 3074457345618257237
2 1 3074457345618257237
2 1 3074457345618257237
2 1 3074457345618257237
2 1 3074457345618257237
2 1 3074457345618257237
2 1 3074457345618257237
2 1 3074457345618257237
2 1 3074457345618257237
2 1 3074457345618257237
2 1 3074457345618261333
2 1 3074457345618261333
2 1 3074457345618261333
2 1 3074457345618261333
2 1 3074457345618261333
2 1 3074457345618261333
2 1 3074457345618261333
2 1 3074457345618261333
2 1 3074457345618261333
2 1 3074457345618261333
2 1 3074457345618261333
2 1 3074457345618261333
2 1 3074457345618261333
2 1 3074457345618261333
2 1 3074457345618261333
2 1 3074457345618253141
2 1 3074457345618253141
2 1 3074457345618253141
2 1 3074457345618253141
2 1 3074457345618253141
2 1 3074457345618253141
2 1 3074457345618253141
2 1 3074457345618253141
2 1 3074457345618253141
2 1 3074457345618253141
2 1 3074457345618269525
2 1 3074457345618269525
2 1 3074457345618269525
2 1 3074457345618269525
2 1 3074457345618269525
2 1 3074457345618269525
2 1 3074457345618269525
2 1 3074457345618269525
2 1 3074457345618269525
2 1 3074457345618269525
2 1 3074457345618269525
2 1 3074457345618269525
2 1 3074457345618269525
2 1 3074457345618269525
2 1 3074457345618269525
2 1 3074457345618236757
2 1 3074457345618236757
2 1 3074457345618236757
2 1 3074457345618236757
2 1 3074457345618236757
2 1 3074457345618236757
2 1 3074457345618236757
2 1 3074457345618236757
2 1 3074457345618236757
2 1 3074457345618236757
2 1 3074457345618302293
2 1 3074457345618302293
2 1 3074457345618302293
2 1 3074457345618302293
2 1 3074457345618302293
2 1 3074457345618302293
2 1 3074457345618302293
2 1 3074457345618302293
2 1 3074457345618302293
2 1 3074457345618302293
2 1 3074457345618302293
2 1 3074457345618302293
2 1 3074457345618302293
2 1 3074457345618302293
2 1 3074457345618302293
2 1 3074457345618171221
2 1 3074457345618171221
2 1 3074457345618171221
2 1 3074457345618171221
2 1 3074457345618171221
2 1 3074457345618171221
2 1 3074457345618171221
2 1 3074457345618171221
2 1 3074457345618171221
2 1 3074457345618171221
2 1 3074457345618433365
2 1 3074457345618433365
2 1 3074457345618433365
2 1 3074457345618433365
2 1 3074457345618433365
2 1 3074457345618433365
2 1 3074457345618433365
2 1 3074457345618433365
2 1 3074457345618433365
2 1 3074457345618433365
2 1 3074457345618433365
2 1 3074457345618433365
2 1 3074457345618433365
2 1 3074457345618433365
2 1 3074457345618433365
2 1 3074457345617909077
2 1 3074457345617909077
2 1 3074457345617909077
2 1 3074457345617909077
2 1 3074457345617909077
2 1 3074457345617909077
2 1 3074457345617909077
2 1 3074457345617909077
2 1 3074457345617909077
2 1 3074457345617909077
2 1 3074457345618957653
2 1 3074457345618957653
2 1 3074457345618957653
2 1 3074457345618957653
2 1 3074457345618957653
2 1 3074457345618957653
2 1 3074457345618957653
2 1 3074457345618957653
2 1 3074457345618957653
2 1 3074457345618957653
2 1 3074457345618957653
2 1 3074457345618957653
2 1 3074457345618957653
2 1 3074457345618957653
2 1 3074457345618957653
2 1 3074457345616860501
2 1 3074457345616860501
2 1 3074457345616860501
2 1 3074457345616860501
2 1 3074457345616860501
2 1 3074457345616860501
2 1 3074457345616860501
2 1 3074457345616860501
2 1 3074457345616860501
2 1 3074457345621054805
2 1 3074457345621054805
2 1 3074457345621054805
2 1 3074457345621054805
2 1 3074457345621054805
2 1 3074457345621054805
2 1 3074457345621054805
2 1 3074457345621054805
2 1 3074457345621054805
2 1 3074457345621054805
2 1 3074457345621054805
2 1 3074457345621054805
2 1 3074457345621054805
2 1 3074457345621054805
2 1 3074457345621054805
2 1 3074457345621054805
2 1 3074457345612666197
2 1 3074457345612666197
2 1 3074457345612666197
2 1 3074457345612666197
2 1 3074457345612666197
2 1 3074457345612666197
2 1 3074457345612666197
2 1 3074457345612666197
2 1 3074457345612666197
2 1 3074457345629443413
2 1 3074457345629443413
2 1 3074457345629443413
2 1 3074457345629443413
2 1 3074457345629443413
2 1 3074457345629443413
2 1 3074457345629443413
2 1 3074457345629443413
2 1 3074457345629443413
2 1 3074457345629443413
2 1 3074457345629443413
2 1 3074457345629443413
2 1 3074457345629443413
2 1 3074457345629443413
2 1 3074457345629443413
2 1 3074457345629443413
2 1 3074457345595888981
2 1 3074457345595888981
2 1 3074457345595888981
2 1 3074457345595888981
2 1 3074457345595888981
2 1 3074457345595888981
2 1 3074457345595888981
2 1 3074457345595888981
2 1 3074457345595888981
2 1 3074457345662997845
2 1 3074457345662997845
2 1 3074457345662997845
2 1 3074457345662997845
2 1 3074457345662997845
2 1 3074457345662997845
2 1 3074457345662997845
2 1 3074457345662997845
2 1 3074457345662997845
2 1 3074457345662997845
2 1 3074457345662997845
2 1 3074457345662997845
2 1 3074457345662997845
2 1 3074457345662997845
2 1 3074457345662997845
2 1 3074457345528780117
2 1 3074457345528780117
2 1 3074457345528780117
2 1 3074457345528780117
2 1 3074457345528780117
2 1 3074457345528780117
2 1 3074457345528780117
2 1 3074457345528780117
2 1 3074457345528780117
2 1 3074457345528780117
2 1 3074457345797215573
2 1 3074457345797215573
2 1 3074457345797215573
2 1 3074457345797215573
2 1 3074457345797215573
2 1 3074457345797215573
2 1 3074457345797215573
2 1 3074457345797215573
2 1 3074457345797215573
2 1 3074457345797215573
2 1 3074457345797215573
2 1 3074457345797215573
2 1 3074457345797215573
2 1 3074457345797215573
2 1 3074457345797215573
2 1 3074457345260344661
2 1 3074457345260344661
2 1 3074457345260344661
2 1 3074457345260344661
2 1 3074457345260344661
2 1 3074457345260344661
2 1 3074457345260344661
2 1 3074457345260344661
2 1 3074457345260344661
2 1 3074457345260344661
2 1 3074457346334086485
2 1 3074457346334086485
2 1 3074457346334086485
2 1 3074457346334086485
2 1 3074457346334086485
2 1 3074457346334086485
2 1 3074457346334086485
2 1 3074457346334086485
2 1 3074457346334086485
2 1 3074457346334086485
2 1 3074457346334086485
2 1 3074457346334086485
2 1 3074457346334086485
2 1 3074457346334086485
2 1 3074457346334086485
2 1 3074457346334086485
2 1 3074457344186602837
2 1 3074457344186602837
2 1 3074457344186602837
2 1 3074457344186602837
2 1 3074457344186602837
2 1 3074457344186602837
2 1 3074457344186602837
2 1 3074457344186602837
2 1 3074457344186602837
2 1 3074457348481570133
2 1 3074457348481570133
2 1 3074457348481570133
2 1 3074457348481570133
2 1 3074457348481570133
2 1 3074457348481570133
2 1 3074457348481570133
2 1 3074457348481570133
2 1 3074457348481570133
2 1 3074457348481570133
2 1 3074457348481570133
2 1 3074457348481570133
2 1 3074457348481570133
2 1 3074457348481570133
2 1 3074457348481570133
2 1 3074457339891635541
2 1 3074457339891635541
2 1 3074457339891635541
2 1 3074457339891635541
2 1 3074457339891635541
2 1 3074457339891635541
2 1 3074457339891635541
2 1 3074457339891635541
2 1 3074457339891635541
2 1 3074457339891635541
2 1 3074457357071504725
2 1 3074457357071504725
2 1 3074457357071504725
2 1 3074457357071504725
2 1 3074457357071504725
2 1 3074457357071504725
2 1 3074457357071504725
2 1 3074457357071504725
2 1 3074457357071504725
2 1 3074457357071504725
2 1 3074457357071504725
2 1 3074457357071504725
2 1 3074457357071504725
2 1 3074457357071504725
2 1 3074457357071504725
2 1 3074457322711766357
2 1 3074457322711766357
2 1 3074457322711766357
2 1 3074457322711766357
2 1 3074457322711766357
2 1 3074457322711766357
2 1 3074457322711766357
2 1 3074457322711766357
2 1 3074457322711766357
2 1 3074457322711766357
2 1 3074457391431243093
2 1 3074457391431243093
2 1 3074457391431243093
2 1 3074457391431243093
2 1 3074457391431243093
2 1 3074457391431243093
2 1 3074457391431243093
2 1 3074457391431243093
2 1 3074457391431243093
2 1 3074457391431243093
2 1 3074457391431243093
2 1 3074457391431243093
2 1 3074457391431243093
2 1 3074457391431243093
2 1 3074457391431243093
2 1 3074457253992289621
2 1 3074457253992289621
2 1 3074457253992289621
2 1 3074457253992289621
2 1 3074457253992289621
2 1 3074457253992289621
2 1 3074457253992289621
2 1 3074457253992289621
2 1 3074457253992289621
2 1 3074457253992289621
2 1 3074457528870196565
2 1 3074457528870196565
2 1 3074457528870196565
2 1 3074457528870196565
2 1 3074457528870196565
2 1 3074457528870196565
2 1 3074457528870196565
2 1 3074457528870196565
2 1 3074457528870196565
2 1 3074457528870196565
2 1 3074457528870196565
2 1 3074457528870196565
2 1 3074457528870196565
2 1 3074457528870196565
2 1 3074457528870196565
2 1 3074456979114382677
2 1 3074456979114382677
2 1 3074456979114382677
2 1 3074456979114382677
2 1 3074456979114382677
2 1 3074456979114382677
2 1 3074456979114382677
2 1 3074456979114382677
2 1 3074456979114382677
2 1 3074456979114382677
2 1 3074458078626010453
2 1 3074458078626010453
2 1 3074458078626010453
2 1 3074458078626010453
2 1 3074458078626010453
2 1 3074458078626010453
2 1 3074458078626010453
2 1 3074458078626010453
2 1 3074458078626010453
2 1 3074458078626010453
2 1 3074458078626010453
2 1 3074458078626010453
2 1 3074458078626010453
2 1 3074458078626010453
2 1 3074458078626010453
2 1 3074455879602754901
2 1 3074455879602754901
2 1 3074455879602754901
2 1 3074455879602754901
2 1 3074455879602754901
2 1 3074455879602754901
2 1 3074455879602754901
2 1 3074455879602754901
2 1 3074455879602754901
2 1 3074455879602754901
2 1 3074460277649266005
2 1 3074460277649266005
2 1 3074460277649266005
2 1 3074460277649266005
2 1 3074460277649266005
2 1 3074460277649266005
2 1 3074460277649266005
2 1 3074460277649266005
2 1 3074460277649266005
2 1 3074460277649266005
2 1 3074460277649266005
2 1 3074460277649266005
2 1 3074460277649266005
2 1 3074460277649266005
2 1 3074460277649266005
2 1 3074451481556243797
2 1 3074451481556243797
2 1 3074451481556243797
2 1 3074451481556243797
2 1 3074451481556243797
2 1 3074451481556243797
2 1 3074451481556243797
2 1 3074451481556243797
2 1 3074451481556243797
2 1 3074451481556243797
2 1 3074469073742288213
2 1 3074469073742288213
2 1 3074469073742288213
2 1 3074469073742288213
2 1 3074469073742288213
2 1 3074469073742288213
2 1 3074469073742288213
2 1 3074469073742288213
2 1 3074469073742288213
2 1 3074469073742288213
2 1 3074469073742288213
2 1 3074469073742288213
2 1 3074469073742288213
2 1 3074469073742288213
2 1 3074469073742288213
2 1 3074433889370199381
2 1 3074433889370199381
2 1 3074433889370199381
2 1 3074433889370199381
2 1 3074433889370199381
2 1 3074433889370199381
2 1 3074433889370199381
2 1 3074433889370199381
2 1 3074433889370199381
2 1 3074433889370199381
2 1 3074504258114377045
2 1 3074504258114377045
2 1 3074504258114377045
2 0 3074504258114377045
2 0 3074504258114377045
2 0 3074504258114377045
2 0 3074504258114377045
2 0 3074504258114377045
2 0 3074504258114377045
2 0 3074504258114377045
2 0 3074504258114377045
2 0 3074504258114377045
2 0 3074504258114377045
2 0 3074504258114377045
2 0 3074504258114377045
2 0 3074363520626021717
2 0 3074363520626021717
2 0 3074363520626021717
2 0 3074363520626021717
2 0 3074363520626021717
2 0 3074363520626021717
2 0 3074363520626021717
2 0 3074363520626021717
2 0 3074363520626021717
2 0 3074363520626021717
2 0 3074644995602732373
2 0 3074644995602732373
2 0 3074644995602732373
2 0 3074644995602732373
2 0 3074644995602732373
2 0 3074644995602732373
2 0 3074644995602732373
2 0 3074644995602732373
2 0 3074644995602732373
2 0 3074644995602732373
2 0 3074644995602732373
2 0 3074644995602732373
2 0 3074644995602732373
2 0 3074644995602732373
2 0 3074644995602732373
2 0 3074082045649311061
2 0 3074082045649311061
2 0 3074082045649311061
2 0 3074082045649311061
2 0 3074082045649311061
2 0 3074082045649311061
2 0 3074082045649311061
2 0 3074082045649311061
2 0 3074082045649311061
2 0 3074082045649311061
2 0 3075207945556153685
2 0 3075207945556153685
2 0 3075207945556153685
2 0 3075207945556153685
2 0 3075207945556153685
2 0 3075207945556153685
2 0 3075207945556153685
2 0 3075207945556153685
2 0 3075207945556153685
2 0 3075207945556153685
2 0 3075207945556153685
2 0 3075207945556153685
2 0 3075207945556153685
2 0 3075207945556153685
2 0 3075207945556153685
2 0 3072956145742468437
2 0 3072956145742468437
2 0 3072956145742468437
2 0 3072956145742468437
2 0 3072956145742468437
2 0 3072956145742468437
2 0 3072956145742468437
2 0 3072956145742468437
2 2 3072956145742468437
2 2 3072956145742468437
2 2 3077459745369838933
2 2 3077459745369838933
2 2 3077459745369838933
2 2 3077459745369838933
2 2 3077459745369838933
2 2 3077459745369838933
2 2 3077459745369838933
2 2 3077459745369838933
2 2 3077459745369838933
2 2 3077459745369838933
2 2 3077459745369838933
2 2 3077459745369838933
2 2 3077459745369838933
2 2 3077459745369838933
2 2 3077459745369838933
2 2 3068452546115097941
2 2 3068452546115097941
2 2 3068452546115097941
2 2 3068452546115097941
2 2 3068452546115097941
2 2 3068452546115097941
2 2 3068452546115097941
2 2 3068452546115097941
2 2 3068452546115097941
2 2 3086466944624579925
2 2 3086466944624579925
2 2 3086466944624579925
2 2 3086466944624579925
2 2 3086466944624579925
2 2 3086466944624579925
2 2 3086466944624579925
2 2 3086466944624579925
2 2 3086466944624579925
2 2 3086466944624579925
2 2 3086466944624579925
2 2 3086466944624579925
2 2 3086466944624579925
2 2 3086466944624579925
2 2 3086466944624579925
2 2 3086466944624579925
2 2 3050438147605615957
2 2 3050438147605615957
2 2 3050438147605615957
2 2 3050438147605615957
2 2 3050438147605615957
2 2 3050438147605615957
2 2 3050438147605615957
2 2 3050438147605615957
2 2 3050438147605615957
2 2 3122495741643543893
2 2 3122495741643543893
2 2 3122495741643543893
2 2 3122495741643543893
2 2 3122495741643543893
2 2 3122495741643543893
2 2 3122495741643543893
2 2 3122495741643543893
2 2 3122495741643543893
2 2 3122495741643543893
2 2 3122495741643543893
2 2 3122495741643543893
2 2 3122495741643543893
2 2 3122495741643543893
2 2 3122495741643543893
2 2 3122495741643543893
2 2 2978380553567688021
2 2 2978380553567688021
2 2 2978380553567688021
2 2 2978380553567688021
2 2 2978380553567688021
2 2 2978380553567688021
2 2 2978380553567688021
2 2 2978380553567688021
2 2 2978380553567688021
2 2 3266610929719399765
2 2 3266610929719399765
2 2 3266610929719399765
2 2 3266610929719399765
2 2 3266610929719399765
2 2 3266610929719399765
2 2 3266610929719399765
2 2 3266610929719399765
2 2 3266610929719399765
2 2 3266610929719399765
2 2 3266610929719399765
2 2 3266610929719399765
2 2 3266610929719399765
2 2 3266610929719399765
2 2 3266610929719399765
2 2 2690150177415976277
2 2 2690150177415976277
2 2 2690150177415976277
2 2 2690150177415976277
2 2 2690150177415976277
2 2 2690150177415976277
2 2 2690150177415976277
2 2 2690150177415976277
2 2 2690150177415976277
2 2 2690150177415976277
2 2 3843071682022823253
2 2 3843071682022823253
2 2 3843071682022823253
2 2 3843071682022823253
2 2 3843071682022823253
2 2 3843071682022823253
2 2 3843071682022823253
2 2 3843071682022823253
2 2 3843071682022823253
2 2 3843071682022823253
2 2 3843071682022823253
2 2 3843071682022823253
2 2 3843071682022823253
2 2 3843071682022823253
2 2 3843071682022823253
2 2 1537228672809129301
2 2 1537228672809129301
2 2 1537228672809129301
2 2 1537228672809129301
2 2 1537228672809129301
2 2 1537228672809129301
2 2 1537228672809129301
2 2 1537228672809129301
2 2 1537228672809129301
2 2 1537228672809129301
2 2 6148914691236517205
2 2 6148914691236517205
2 2 6148914691236517205
2 2 6148914691236517205
2 2 6148914691236517205
2 2 6148914691236517205
2 2 6148914691236517205
2 2 6148914691236517205
2 2 6148914691236517205
2 2 6148914691236517205
2 2 6148914691236517205
2 2 6148914691236517205
2 2 6148914691236517205
2 2 6148914691236517205
2 2 6148914691236517205
2 2 6148914691236517204
2 2 6148914691236517204
2 2 6148914691236517204
2 2 6148914691236517204
2 2 6148914691236517204
2 2 6148914691236517204
2 2 6148914691236517204
2 2 6148914691236517204
2 2 6148914691236517204
2 2 6148914691236517204
2 2 6148914691236517206
2 2 6148914691236517206
2 2 6148914691236517206
2 2 6148914691236517206
2 2 6148914691236517206
2 2 6148914691236517206
2 2 6148914691236517206
2 2 6148914691236517206
2 2 6148914691236517206
2 2 6148914691236517206
2 2 6148914691236517206
2 2 6148914691236517206
2 2 6148914691236517206
2 2 6148914691236517206
2 2 6148914691236517206
2 2 6148914691236517202
2 2 6148914691236517202
2 2 6148914691236517202
2 2 6148914691236517202
2 2 6148914691236517202
2 2 6148914691236517202
2 2 6148914691236517202
2 2 6148914691236517202
2 2 6148914691236517202
2 2 6148914691236517202
2 2 6148914691236517210
2 2 6148914691236517210
2 2 6148914691236517210
2 2 6148914691236517210
2 2 6148914691236517210
2 2 6148914691236517210
2 2 6148914691236517210
2 2 6148914691236517210
2 2 6148914691236517210
2 2 6148914691236517210
2 2 6148914691236517210
2 2 6148914691236517210
2 2 6148914691236517210
2 2 6148914691236517210
2 2 6148914691236517210
2 2 6148914691236517194
2 2 6148914691236517194
2 2 6148914691236517194
2 2 6148914691236517194
2 2 6148914691236517194
2 2 6148914691236517194
2 2 6148914691236517194
2 2 6148914691236517194
2 2 6148914691236517194
2 2 6148914691236517194
2 2 6148914691236517226
2 2 6148914691236517226
2 2 6148914691236517226
2 2 6148914691236517226
2 2 6148914691236517226
2 2 6148914691236517226
2 2 6148914691236517226
2 2 6148914691236517226
2 2 6148914691236517226
2 2 6148914691236517226
2 2 6148914691236517226
2 2 6148914691236517226
2 2 6148914691236517226
2 2 6148914691236517226
2 2 6148914691236517226
2 2 6148914691236517162
2 2 6148914691236517162
2 2 6148914691236517162
2 2 6148914691236517162
2 2 6148914691236517162
2 2 6148914691236517162
2 2 6148914691236517162
2 2 6148914691236517162
2 2 6148914691236517162
2 2 6148914691236517162
2 2 6148914691236517290
2 2 6148914691236517290
2 2 6148914691236517290
2 2 6148914691236517290
2 2 6148914691236517290
2 2 6148914691236517290
2 2 6148914691236517290
2 2 6148914691236517290
2 2 6148914691236517290
2 2 6148914691236517290
2 2 6148914691236517290
2 2 6148914691236517290
2 2 6148914691236517290
2 2 6148914691236517290
2 2 6148914691236517290
2 2 6148914691236517034
2 2 6148914691236517034
2 2 6148914691236517034
2 2 6148914691236517034
2 2 6148914691236517034
2 2 6148914691236517034
2 2 6148914691236517034
2 2 6148914691236517034
2 2 6148914691236517034
2 2 6148914691236517034
2 2 6148914691236517546
2 2 6148914691236517546
2 2 6148914691236517546
2 2 6148914691236517546
2 2 6148914691236517546
2 2 6148914691236517546
2 2 6148914691236517546
2 2 6148914691236517546
2 2 6148914691236517546
2 2 6148914691236517546
2 2 6148914691236517546
2 2 6148914691236517546
2 2 6148914691236517546
2 2 6148914691236517546
2 2 6148914691236517546
2 2 6148914691236516522
2 2 6148914691236516522
2 2 6148914691236516522
2 2 6148914691236516522
2 2 6148914691236516522
2 2 6148914691236516522
2 2 6148914691236516522
2 2 6148914691236516522
2 2 6148914691236516522
2 2 6148914691236516522
2 2 6148914691236518570
2 2 6148914691236518570
2 2 6148914691236518570
2 2 6148914691236518570
2 2 6148914691236518570
2 2 6148914691236518570
2 2 6148914691236518570
2 2 6148914691236518570
2 2 6148914691236518570
2 2 6148914691236518570
2 2 6148914691236518570
2 2 6148914691236518570
2 2 6148914691236518570
2 2 6148914691236518570
2 2 6148914691236518570
2 2 6148914691236514474
2 2 6148914691236514474
2 2 6148914691236514474
2 2 6148914691236514474
2 2 6148914691236514474
2 2 6148914691236514474
2 2 6148914691236514474
2 2 6148914691236514474
2 2 6148914691236514474
2 2 6148914691236514474
2 2 6148914691236522666
2 2 6148914691236522666
2 2 6148914691236522666
2 2 6148914691236522666
2 2 6148914691236522666
2 2 6148914691236522666
2 2 6148914691236522666
2 2 6148914691236522666
2 2 6148914691236522666
2 2 6148914691236522666
2 2 6148914691236522666
2 2 6148914691236522666
2 2 6148914691236522666
2 2 6148914691236522666
2 2 6148914691236522666
2 2 6148914691236506282
2 2 6148914691236506282
2 2 6148914691236506282
2 2 6148914691236506282
2 2 6148914691236506282
2 2 6148914691236506282
2 2 6148914691236506282
2 2 6148914691236506282
2 2 6148914691236506282
2 2 6148914691236506282
2 2 6148914691236539050
2 2 6148914691236539050
2 2 6148914691236539050
2 2 6148914691236539050
2 2 6148914691236539050
2 2 6148914691236539050
2 2 6148914691236539050
2 2 6148914691236539050
2 2 6148914691236539050
2 2 6148914691236539050
2 2 6148914691236539050
2 2 6148914691236539050
2 2 6148914691236539050
2 2 6148914691236539050
2 2 6148914691236539050
2 2 6148914691236473514
2 2 6148914691236473514
2 2 6148914691236473514
2 2 6148914691236473514
2 2 6148914691236473514
2 2 6148914691236473514
2 2 6148914691236473514
2 2 6148914691236473514
2 2 6148914691236473514
2 2 6148914691236473514
2 2 6148914691236604586
2 2 6148914691236604586
2 2 6148914691236604586
2 2 6148914691236604586
2 2 6148914691236604586
2 2 6148914691236604586
2 2 6148914691236604586
2 2 6148914691236604586
2 2 6148914691236604586
2 2 6148914691236604586
2 2 6148914691236604586
2 2 6148914691236604586
2 2 6148914691236604586
2 2 6148914691236604586
2 2 6148914691236604586
2 2 6148914691236342442
2 2 6148914691236342442
2 2 6148914691236342442
2 2 6148914691236342442
2 2 6148914691236342442
2 2 6148914691236342442
2 2 6148914691236342442
2 2 6148914691236342442
2 2 6148914691236342442
2 2 6148914691236342442
2 2 6148914691236866730
2 2 6148914691236866730
2 2 6148914691236866730
2 2 6148914691236866730
2 2 6148914691236866730
2 2 6148914691236866730
2 2 6148914691236866730
2 2 6148914691236866730
2 2 6148914691236866730
2 2 6148914691236866730
2 2 6148914691236866730
2 2 6148914691236866730
2 2 6148914691236866730
2 2 6148914691236866730
2 2 6148914691236866730
2 2 6148914691235818154
2 2 6148914691235818154
2 2 6148914691235818154
2 2 6148914691235818154
2 2 6148914691235818154
2 2 6148914691235818154
2 2 6148914691235818154
2 2 6148914691235818154
2 2 6148914691235818154
2 2 6148914691235818154
2 2 6148914691237915306
2 2 6148914691237915306
2 2 6148914691237915306
2 2 6148914691237915306
2 2 6148914691237915306
2 2 6148914691237915306
2 2 6148914691237915306
2 2 6148914691237915306
2 2 6148914691237915306
2 2 6148914691237915306
2 2 6148914691237915306
2 2 6148914691237915306
2 2 6148914691237915306
2 2 6148914691237915306
2 2 6148914691237915306
2 2 6148914691233721002
2 2 6148914691233721002
2 2 6148914691233721002
2 2 6148914691233721002
2 2 6148914691233721002
2 2 6148914691233721002
2 2 6148914691233721002
2 2 6148914691233721002
2 2 6148914691233721002
2 2 6148914691233721002
2 2 6148914691242109610
2 2 6148914691242109610
2 2 6148914691242109610
2 2 6148914691242109610
2 2 6148914691242109610
2 2 6148914691242109610
2 2 6148914691242109610
2 2 6148914691242109610
2 2 6148914691242109610
2 2 6148914691242109610
2 2 6148914691242109610
2 2 6148914691242109610
2 2 6148914691242109610
2 2 6148914691242109610
2 2 6148914691242109610
2 2 6148914691225332394
2 2 6148914691225332394
2 2 6148914691225332394
2 2 6148914691225332394
2 2 6148914691225332394
2 2 6148914691225332394
2 2 6148914691225332394
2 2 6148914691225332394
2 2 6148914691225332394
2 2 6148914691225332394
2 2 6148914691258886826
2 2 6148914691258886826
2 2 6148914691258886826
2 2 6148914691258886826
2 2 6148914691258886826
2 2 6148914691258886826
2 2 6148914691258886826
2 2 6148914691258886826
2 2 6148914691258886826
2 2 6148914691258886826
2 2 6148914691258886826
2 2 6148914691258886826
2 2 6148914691258886826
2 2 6148914691258886826
2 2 6148914691258886826
2 2 6148914691191777962
2 2 6148914691191777962
2 2 6148914691191777962
2 2 6148914691191777962
2 2 6148914691191777962
2 2 6148914691191777962
2 2 6148914691191777962
2 2 6148914691191777962
2 2 6148914691191777962
2 2 6148914691191777962
2 2 6148914691325995690
2 2 6148914691325995690
2 2 6148914691325995690
2 2 6148914691325995690
2 2 6148914691325995690
2 2 6148914691325995690
2 2 6148914691325995690
2 2 6148914691325995690
2 2 6148914691325995690
2 2 6148914691325995690
2 2 6148914691325995690
2 2 6148914691325995690
2 2 6148914691325995690
2 2 6148914691325995690
2 2 6148914691325995690
2 2 6148914691057560234
2 2 6148914691057560234
2 2 6148914691057560234
2 2 6148914691057560234
2 2 6148914691057560234
2 2 6148914691057560234
2 2 6148914691057560234
2 2 6148914691057560234
2 2 6148914691057560234
2 2 6148914691057560234
2 2 6148914691594431146
2 2 6148914691594431146
2 2 6148914691594431146
2 2 6148914691594431146
2 2 6148914691594431146
2 2 6148914691594431146
2 2 6148914691594431146
2 2 6148914691594431146
2 2 6148914691594431146
2 2 6148914691594431146
2 2 6148914691594431146
2 2 6148914691594431146
2 2 6148914691594431146
2 2 6148914691594431146
2 2 6148914691594431146
2 2 6148914690520689322
2 2 6148914690520689322
2 2 6148914690520689322
2 2 6148914690520689322
2 2 6148914690520689322
2 2 6148914690520689322
2 2 6148914690520689322
2 2 6148914690520689322
2 2 6148914690520689322
2 2 6148914690520689322
2 2 6148914692668172970
2 2 6148914692668172970
2 2 6148914692668172970
2 2 6148914692668172970
2 2 6148914692668172970
2 2 6148914692668172970
2 2 6148914692668172970
2 2 6148914692668172970
2 2 6148914692668172970
2 2 6148914692668172970
2 2 6148914692668172970
2 2 6148914692668172970
2 2 6148914692668172970
2 2 6148914692668172970
2 2 6148914692668172970
2 2 6148914688373205674
2 2 6148914688373205674
2 2 6148914688373205674
2 2 6148914688373205674
2 2 6148914688373205674
2 2 6148914688373205674
2 2 6148914688373205674
2 2 6148914688373205674
2 2 6148914688373205674
2 2 6148914688373205674
2 2 6148914696963140266
2 2 6148914696963140266
2 2 6148914696963140266
2 2 6148914696963140266
2 2 6148914696963140266
2 2 6148914696963140266
2 2 6148914696963140266
2 2 6148914696963140266
2 2 6148914696963140266
2 2 6148914696963140266
2 2 6148914696963140266
2 2 6148914696963140266
2 2 6148914696963140266
2 2 6148914696963140266
2 2 6148914696963140266
2 2 6148914679783271082
2 2 6148914679783271082
2 2 6148914679783271082
2 2 6148914679783271082
2 2 6148914679783271082
2 2 6148914679783271082
2 2 6148914679783271082
2 2 6148914679783271082
2 2 6148914679783271082
2 2 6148914679783271082
2 2 6148914714143009450
2 2 6148914714143009450
2 2 6148914714143009450
2 2 6148914714143009450
2 2 6148914714143009450
2 2 6148914714143009450
2 2 6148914714143009450
2 2 6148914714143009450
2 2 6148914714143009450
2 2 6148914714143009450
2 2 6148914714143009450
2 2 6148914714143009450
2 2 6148914714143009450
2 2 6148914714143009450
2 2 6148914714143009450
2 2 6148914645423532714
2 2 6148914645423532714
2 2 6148914645423532714
2 2 6148914645423532714
2 2 6148914645423532714
2 2 6148914645423532714
2 2 6148914645423532714
2 2 6148914645423532714
2 2 6148914645423532714
2 2 6148914645423532714
2 2 6148914782862486186
2 2 6148914782862486186
2 2 6148914782862486186
2 2 6148914782862486186
2 2 6148914782862486186
2 2 6148914782862486186
2 2 6148914782862486186
2 2 6148914782862486186
2 2 6148914782862486186
2 2 6148914782862486186
2 2 6148914782862486186
2 2 6148914782862486186
2 2 6148914782862486186
2 2 6148914782862486186
2 2 6148914782862486186
2 2 6148914507984579242
2 2 6148914507984579242
2 2 6148914507984579242
2 2 6148914507984579242
2 2 6148914507984579242
2 2 6148914507984579242
2 2 6148914507984579242
2 2 6148914507984579242
2 2 6148914507984579242
2 2 6148914507984579242
2 2 6148915057740393130
2 2 6148915057740393130
2 2 6148915057740393130
2 2 6148915057740393130
2 2 6148915057740393130
2 2 6148915057740393130
2 2 6148915057740393130
2 2 6148915057740393130
2 2 6148915057740393130
2 2 6148915057740393130
2 2 6148915057740393130
2 2 6148915057740393130
2 2 6148915057740393130
2 2 6148915057740393130
2 2 6148915057740393130
2 2 6148913958228765354
2 2 6148913958228765354
2 2 6148913958228765354
2 2 6148913958228765354
2 2 6148913958228765354
2 2 6148913958228765354
2 2 6148913958228765354
2 2 6148913958228765354
2 2 6148913958228765354
2 2 6148913958228765354
2 2 6148916157252020906
2 2 6148916157252020906
2 2 6148916157252020906
2 2 6148916157252020906
2 2 6148916157252020906
2 2 6148916157252020906
2 2 6148916157252020906
2 2 6148916157252020906
2 2 6148916157252020906
2 2 6148916157252020906
2 2 6148916157252020906
2 2 6148916157252020906
2 2 6148916157252020906
2 2 6148916157252020906
2 2 6148916157252020906
2 2 6148911759205509802
2 2 6148911759205509802
2 2 6148911759205509802
2 2 6148911759205509802
2 2 6148911759205509802
3 2 6148911759205509802
3 2 6148911759205509802
3 2 6148911759205509802
3 2 6148911759205509802
3 2 6148911759205509802
3 2 6148920555298532010
3 2 6148920555298532010
3 2 6148920555298532010
3 2 6148920555298532010
3 2 6148920555298532010
3 2 6148920555298532010
3 2 6148920555298532010
3 2 6148920555298532010
3 2 6148920555298532010
3 2 6148920555298532010
3 2 6148920555298532010
3 2 6148920555298532010
3 2 6148920555298532010
3 2 6148920555298532010
3 2 6148920555298532010
3 2 6148902963112487594
3 2 6148902963112487594
3 2 6148902963112487594
3 2 6148902963112487594
3 2 6148902963112487594
3 2 6148902963112487594
3 2 6148902963112487594
3 2 6148902963112487594
3 2 6148902963112487594
3 2 6148902963112487594
3 2 6148938147484576426
3 2 6148938147484576426
3 2 6148938147484576426
3 2 6148938147484576426
3 2 6148938147484576426
3 2 6148938147484576426
3 2 6148938147484576426
3 2 6148938147484576426
3 2 6148938147484576426
3 2 6148938147484576426
3 2 6148938147484576426
3 2 6148938147484576426
3 2 6148938147484576426
3 2 6148938147484576426
3 2 6148938147484576426
3 2 6148867778740398762
3 2 6148867778740398762
3 2 6148867778740398762
3 2 6148867778740398762
3 2 6148867778740398762
3 2 6148867778740398762
3 2 6148867778740398762
3 2 6148867778740398762
3 2 6148867778740398762
3 2 6148867778740398762
3 2 6149008516228754090
3 2 6149008516228754090
3 2 6149008516228754090
3 2 6149008516228754090
3 2 6149008516228754090
3 2 6149008516228754090
3 2 6149008516228754090
3 2 6149008516228754090
3 2 6149008516228754090
3 2 6149008516228754090
3 2 6149008516228754090
3 2 6149008516228754090
3 2 6149008516228754090
3 2 6149008516228754090
3 2 6149008516228754090
3 2 6148727041252043434
3 2 6148727041252043434
3 2 6148727041252043434
3 2 6148727041252043434
3 2 6148727041252043434
3 2 6148727041252043434
3 2 6148727041252043434
3 2 6148727041252043434
3 2 6148727041252043434
3 2 6148727041252043434
3 2 6149289991205464746
3 2 6149289991205464746
3 2 6149289991205464746
3 2 6149289991205464746
3 2 6149289991205464746
3 2 6149289991205464746
3 2 6149289991205464746
3 2 6149289991205464746
3 2 6149289991205464746
3 2 6149289991205464746
3 2 6149289991205464746
3 2 6149289991205464746
3 2 6149289991205464746
3 2 6149289991205464746
3 2 6149289991205464746
3 2 6148164091298622122
3 2 6148164091298622122
3 2 6148164091298622122
3 2 6148164091298622122
3 2 6148164091298622122
3 2 6148164091298622122
3 2 6148164091298622122
3 2 6148164091298622122
3 2 6148164091298622122
3 2 6148164091298622122
3 2 6150415891112307370
3 2 6150415891112307370
3 2 6150415891112307370
3 2 6150415891112307370
3 2 6150415891112307370
3 2 6150415891112307370
3 2 6150415891112307370
3 2 6150415891112307370
3 2 6150415891112307370
3 2 6150415891112307370
3 2 6150415891112307370
3 2 6150415891112307370
3 2 6150415891112307370
3 2 6150415891112307370
3 2 6150415891112307370
3 2 6145912291484936874
3 2 6145912291484936874
3 2 6145912291484936874
3 2 6145912291484936874
3 2 6145912291484936874
3 2 6145912291484936874
3 2 6145912291484936874
3 2 6145912291484936874
3 2 6145912291484936874
3 2 6145912291484936874
3 2 6154919490739677866
3 2 6154919490739677866
3 2 6154919490739677866
3 2 6154919490739677866
3 2 6154919490739677866
3 2 6154919490739677866
3 2 6154919490739677866
3 2 6154919490739677866
3 2 6154919490739677866
3 2 6154919490739677866
3 2 6154919490739677866
3 2 6154919490739677866
3 2 6154919490739677866
3 2 6154919490739677866
3 2 6154919490739677866
3 2 6136905092230195882
3 2 6136905092230195882
3 2 6136905092230195882
3 2 6136905092230195882
3 2 6136905092230195882
3 2 6136905092230195882
3 2 6136905092230195882
3 2 6136905092230195882
3 2 6136905092230195882
3 2 6136905092230195882
3 2 6172933889249159850
3 2 6172933889249159850
3 2 6172933889249159850
3 2 6172933889249159850
3 2 6172933889249159850
3 2 6172933889249159850
3 2 6172933889249159850
3 2 6172933889249159850
3 2 6172933889249159850
3 2 6172933889249159850
3 2 6172933889249159850
3 2 6172933889249159850
3 2 6172933889249159850
3 2 6172933889249159850
3 2 6172933889249159850
3 2 6100876295211231914
3 2 6100876295211231914
3 2 6100876295211231914
3 2 6100876295211231914
3 2 6100876295211231914
3 2 6100876295211231914
3 2 6100876295211231914
3 2 6100876295211231914
3 2 6100876295211231914
3 2 6100876295211231914
3 2 6244991483287087786
3 2 6244991483287087786
3 2 6244991483287087786
3 2 6244991483287087786
3 2 6244991483287087786
3 2 6244991483287087786
3 2 6244991483287087786
3 2 6244991483287087786
3 2 6244991483287087786
3 2 6244991483287087786
3 2 6244991483287087786
3 2 6244991483287087786
3 2 6244991483287087786
3 2 6244991483287087786
3 2 6244991483287087786
3 2 5956761107135376042
3 2 5956761107135376042
3 2 5956761107135376042
3 2 5956761107135376042
3 2 5956761107135376042
3 2 5956761107135376042
3 2 5956761107135376042
3 2 5956761107135376042
3 2 5956761107135376042
3 2 5956761107135376042
3 2 6533221859438799530
3 2 6533221859438799530
3 2 6533221859438799530
3 2 6533221859438799530
3 2 6533221859438799530
3 2 6533221859438799530
3 2 6533221859438799530
3 2 6533221859438799530
3 2 6533221859438799530
3 2 6533221859438799530
3 2 6533221859438799530
3 2 6533221859438799530
3 2 6533221859438799530
3 2 6533221859438799530
3 2 6533221859438799530
3 2 5380300354831952554
3 2 5380300354831952554
3 2 5380300354831952554
3 2 5380300354831952554
3 2 5380300354831952554
3 2 5380300354831952554
3 2 5380300354831952554
3 2 5380300354831952554
3 2 5380300354831952554
3 2 5380300354831952554
3 2 7686143364045646506
3 2 7686143364045646506
3 2 7686143364045646506
3 2 7686143364045646506
3 2 7686143364045646506
3 2 7686143364045646506
3 2 7686143364045646506
3 2 7686143364045646506
3 2 7686143364045646506
3 2 7686143364045646506
3 2 7686143364045646506
3 2 7686143364045646506
3 2 7686143364045646506
3 2 7686143364045646506
3 2 7686143364045646506
3 2 3074457345618258602
3 2 3074457345618258602
3 2 3074457345618258602
3 2 3074457345618258602
3 2 3074457345618258602
3 2 3074457345618258602
3 2 3074457345618258602
3 2 3074457345618258602
3 2 3074457345618258602
3 2 3074457345618258602
3 2 3074457345618258603
3 2 3074457345618258603
3 2 3074457345618258603
3 2 3074457345618258603
3 2 3074457345618258603
3 2 3074457345618258603
3 2 3074457345618258603
3 2 3074457345618258603
3 2 3074457345618258603
3 2 3074457345618258603
3 2 3074457345618258603
3 2 3074457345618258603
3 2 3074457345618258603
3 2 3074457345618258603
3 2 3074457345618258603
3 2 3074457345618258601
3 2 3074457345618258601
3 2 3074457345618258601
3 2 3074457345618258601
3 2 3074457345618258601
3 2 3074457345618258601
3 2 3074457345618258601
3 2 3074457345618258601
3 2 3074457345618258601
3 2 3074457345618258601
3 2 3074457345618258605
3 2 3074457345618258605
3 2 3074457345618258605
3 2 3074457345618258605
3 2 3074457345618258605
3 2 3074457345618258605
3 2 3074457345618258605
3 2 3074457345618258605
3 2 3074457345618258605
3 2 3074457345618258605
3 2 3074457345618258605
3 2 3074457345618258605
3 2 3074457345618258605
3 2 3074457345618258605
3 2 3074457345618258605
3 2 3074457345618258597
3 2 3074457345618258597
3 2 3074457345618258597
3 2 3074457345618258597
3 2 3074457345618258597
3 2 3074457345618258597
3 2 3074457345618258597
3 2 3074457345618258597
3 2 3074457345618258597
3 2 3074457345618258597
3 2 3074457345618258613
3 2 3074457345618258613
3 2 3074457345618258613
3 2 3074457345618258613
3 2 3074457345618258613
3 2 3074457345618258613
3 2 3074457345618258613
3 2 3074457345618258613
3 2 3074457345618258613
3 2 3074457345618258613
3 2 3074457345618258613
3 2 3074457345618258613
3 2 3074457345618258613
3 2 3074457345618258613
3 2 3074457345618258613
3 2 3074457345618258581
3 2 3074457345618258581
3 2 3074457345618258581
3 2 3074457345618258581
3 2 3074457345618258581
3 2 3074457345618258581
3 2 3074457345618258581
3 2 3074457345618258581
3 2 3074457345618258581
3 2 3074457345618258581
3 2 3074457345618258645
3 2 3074457345618258645
3 2 3074457345618258645
3 2 3074457345618258645
3 2 3074457345618258645
3 2 3074457345618258645
3 2 3074457345618258645
3 2 3074457345618258645
3 2 3074457345618258645
3 2 3074457345618258645
3 2 3074457345618258645
3 2 3074457345618258645
3 2 3074457345618258645
3 2 3074457345618258645
3 2 3074457345618258645
3 2 3074457345618258517
3 2 3074457345618258517
3 2 3074457345618258517
3 2 3074457345618258517
3 2 3074457345618258517
3 2 3074457345618258517
3 2 3074457345618258517
3 2 3074457345618258517
3 2 3074457345618258517
3 2 3074457345618258517
3 2 3074457345618258773
3 2 3074457345618258773
3 2 3074457345618258773
3 2 3074457345618258773
3 2 3074457345618258773
3 2 3074457345618258773
3 2 3074457345618258773
3 2 3074457345618258773
3 2 3074457345618258773
3 2 3074457345618258773
3 2 3074457345618258773
3 2 3074457345618258773
3 2 3074457345618258773
3 2 3074457345618258773
3 2 3074457345618258773
3 2 3074457345618258261
3 2 3074457345618258261
3 2 3074457345618258261
3 2 3074457345618258261
3 2 3074457345618258261
3 2 3074457345618258261
3 2 3074457345618258261
3 2 3074457345618258261
3 2 3074457345618258261
3 2 3074457345618258261
3 2 3074457345618259285
3 2 3074457345618259285
3 2 3074457345618259285
3 2 3074457345618259285
3 2 3074457345618259285
3 2 3074457345618259285
3 2 3074457345618259285
3 2 3074457345618259285
3 2 3074457345618259285
3 2 3074457345618259285
3 2 3074457345618259285
3 2 3074457345618259285
3 2 3074457345618259285
3 2 3074457345618259285
3 2 3074457345618259285
3 2 3074457345618257237
3 2 3074457345618257237
3 2 3074457345618257237
3 2 3074457345618257237
3 2 3074457345618257237
3 2 3074457345618257237
3 2 3074457345618257237
3 2 3074457345618257237
3 2 3074457345618257237
3 2 3074457345618261333
3 2 3074457345618261333
3 2 3074457345618261333
3 2 3074457345618261333
3 2 3074457345618261333
3 2 3074457345618261333
3 2 3074457345618261333
3 2 3074457345618261333
3 2 3074457345618261333
3 2 3074457345618261333
3 2 3074457345618261333
3 2 3074457345618261333
3 2 3074457345618261333
3 2 3074457345618261333
3 2 3074457345618261333
3 2 3074457345618261333
3 2 3074457345618253141
3 2 3074457345618253141
3 2 3074457345618253141
3 2 3074457345618253141
3 2 3074457345618253141
3 2 3074457345618253141
3 2 3074457345618253141
3 2 3074457345618253141
3 2 3074457345618253141
3 2 3074457345618269525
3 2 3074457345618269525
3 2 3074457345618269525
3 2 3074457345618269525
3 2 3074457345618269525
3 2 3074457345618269525
3 2 3074457345618269525
3 2 3074457345618269525
3 2 3074457345618269525
3 2 3074457345618269525
3 2 3074457345618269525
3 2 3074457345618269525
3 2 3074457345618269525
3 2 3074457345618269525
3 2 3074457345618269525
3 2 3074457345618269525
3 2 3074457345618236757
3 2 3074457345618236757
3 2 3074457345618236757
3 2 3074457345618236757
3 2 3074457345618236757
3 2 3074457345618236757
3 2 3074457345618236757
3 2 3074457345618236757
3 2 3074457345618236757
3 2 3074457345618302293
3 2 3074457345618302293
3 2 3074457345618302293
3 2 3074457345618302293
3 2 3074457345618302293
3 2 3074457345618302293
3 2 3074457345618302293
3 2 3074457345618302293
3 2 3074457345618302293
3 2 3074457345618302293
3 2 3074457345618302293
3 2 3074457345618171221
3 2 3074457345618171221
3 2 3074457345618171221
3 2 3074457345618171221
3 2 3074457345618171221
3 2 3074457345618171221
3 2 3074457345618171221
3 2 3074457345618171221
3 2 3074457345618171221
3 2 3074457345618171221
3 2 3074457345618433365
3 2 3074457345618433365
3 2 3074457345618433365
3 2 3074457345618433365
3 2 3074457345618433365
