0 0 4294967040
0 0 4294967040
0 0 4294967040
0 0 4294967040
0 0 4294967040
0 0 4294967040
0 0 4294967040
0 0 4294967040
0 0 4294967040
0 0 4294967040
0 0 4294967040
0 0 4294966784
0 0 4294966784
0 0 4294966784
0 0 4294966784
0 0 4294966784
0 0 4294966784
0 0 4294966784
0 0 4294966784
0 0 4294966784
0 0 4294966784
0 0 4294966784
0 0 4294966784
0 0 4294966784
0 0 4294966784
0 0 4294966784
0 0 4294966784
0 0 4294966784
0 0 4294966784
0 0 4294966784
0 0 4294966784
0 0 4294966784
0 0 4294966784
0 0 4294966784
0 0 4294966784
0 0 4294966784
0 0 4294966272
0 0 4294966272
0 0 4294966272
0 0 4294966272
0 0 4294966272
0 0 4294966272
0 0 4294966272
0 0 4294966272
0 0 4294966272
0 0 4294966272
0 0 4294966272
0 0 4294966272
0 0 4294966272
0 0 4294966272
0 0 4294966272
0 0 4294966272
0 0 4294966272
0 0 4294966272
0 0 4294966272
0 0 4294966272
0 0 4294966272
0 0 4294966272
0 0 4294966272
0 0 4294966272
0 0 4294966272
0 0 4294965248
0 0 4294965248
0 0 4294965248
0 0 4294965248
0 0 4294965248
0 0 4294965248
0 0 4294965248
0 0 4294965248
0 0 4294965248
0 0 4294965248
0 0 4294965248
0 0 4294965248
0 0 4294965248
0 0 4294965248
0 0 4294965248
0 0 4294965248
0 0 4294965248
0 0 4294965248
0 0 4294965248
0 0 4294965248
0 0 4294965248
0 0 4294965248
0 0 4294965248
0 0 4294965248
0 0 4294965248
0 0 4294963200
0 0 4294963200
0 0 4294963200
0 0 4294963200
0 0 4294963200
0 0 4294963200
0 0 4294963200
0 0 4294963200
0 0 4294963200
0 0 4294963200
0 0 4294963200
0 0 4294963200
0 0 4294963200
0 0 4294963200
0 0 4294963200
0 0 4294963200
0 0 4294963200
0 0 4294963200
0 0 4294963200
0 0 4294963200
0 0 4294963200
0 0 4294963200
0 0 4294963200
0 0 4294963200
0 0 4294963200
0 0 4294959104
0 0 4294959104
0 0 4294959104
0 0 4294959104
0 0 4294959104
0 0 4294959104
0 0 4294959104
0 0 4294959104
0 0 4294959104
0 0 4294959104
0 0 4294959104
0 0 4294959104
0 0 4294959104
0 0 4294959104
0 0 4294959104
0 0 4294959104
0 0 4294959104
0 0 4294959104
0 0 4294959104
0 0 4294959104
0 0 4294959104
0 0 4294959104
0 0 4294959104
0 0 4294959104
0 0 4294959104
0 0 4294950912
0 0 4294950912
0 0 4294950912
0 0 4294950912
0 0 4294950912
0 0 4294950912
0 0 4294950912
0 0 4294950912
0 0 4294950912
0 0 4294950912
0 0 4294950912
0 0 4294950912
0 0 4294950912
0 0 4294950912
0 0 4294950912
0 0 4294950912
0 0 4294950912
0 0 4294950912
0 0 4294950912
0 0 4294950912
0 0 4294950912
0 0 4294950912
0 0 4294950912
0 0 4294950912
0 0 4294950912
0 0 4294934528
0 0 4294934528
0 0 4294934528
0 0 4294934528
0 0 4294934528
0 0 4294934528
0 0 4294934528
0 0 4294934528
0 0 4294934528
0 0 4294934528
0 0 4294934528
0 0 4294934528
0 0 4294934528
0 0 4294934528
0 0 4294934528
0 0 4294934528
0 0 4294934528
0 0 4294934528
0 0 4294934528
0 0 4294934528
0 0 4294934528
0 0 4294934528
0 0 4294934528
0 0 4294934528
0 0 4294934528
0 0 4294901760
0 0 4294901760
0 0 4294901760
0 0 4294901760
0 0 4294901760
0 0 4294901760
0 0 4294901760
0 0 4294901760
0 0 4294901760
0 0 4294901760
0 0 4294901760
0 0 4294901760
0 0 4294901760
0 0 4294901760
0 0 4294901760
0 0 4294901760
0 0 4294901760
0 0 4294901760
0 0 4294901760
0 0 4294901760
0 0 4294901760
0 0 4294901760
0 0 4294901760
0 0 4294901760
0 0 4294901760
0 0 4294901760
0 0 4294836224
0 0 4294836224
0 0 4294836224
0 0 4294836224
0 0 4294836224
0 0 4294836224
0 0 4294836224
0 0 4294836224
0 0 4294836224
0 0 4294836224
0 0 4294836224
0 0 4294836224
0 0 4294836224
0 0 4294836224
0 0 4294836224
0 0 4294836224
0 0 4294836224
0 0 4294836224
0 0 4294836224
0 0 4294836224
0 0 4294836224
0 0 4294836224
0 0 4294836224
0 0 4294836224
0 0 4294836224
0 0 4294705152
0 0 4294705152
0 0 4294705152
0 0 4294705152
0 0 4294705152
0 0 4294705152
0 0 4294705152
0 0 4294705152
0 0 4294705152
0 0 4294705152
0 0 4294705152
0 0 4294705152
0 0 4294705152
0 0 4294705152
0 0 4294705152
0 0 4294705152
0 0 4294705152
0 0 4294705152
0 0 4294705152
0 0 4294705152
0 0 4294705152
0 0 4294705152
0 0 4294705152
0 0 4294705152
0 0 4294705152
0 0 4294443008
0 0 4294443008
0 0 4294443008
0 0 4294443008
0 0 4294443008
0 0 4294443008
0 0 4294443008
0 0 4294443008
0 0 4294443008
0 0 4294443008
0 0 4294443008
0 0 4294443008
0 0 4294443008
0 0 4294443008
0 0 4294443008
0 0 4294443008
0 0 4294443008
0 0 4294443008
0 0 4294443008
0 0 4294443008
0 0 4294443008
0 0 4294443008
0 0 4294443008
0 0 4294443008
0 0 4294443008
0 0 4293918720
0 0 4293918720
0 0 4293918720
0 0 4293918720
0 0 4293918720
0 0 4293918720
0 0 4293918720
0 0 4293918720
0 0 4293918720
0 0 4293918720
0 0 4293918720
0 0 4293918720
0 0 4293918720
0 0 4293918720
0 0 4293918720
0 0 4293918720
0 0 4293918720
0 0 4293918720
0 0 4293918720
0 0 4293918720
0 0 4293918720
0 0 4293918720
0 0 4293918720
0 0 4293918720
0 0 4293918720
0 0 4292870144
0 0 4292870144
0 0 4292870144
0 0 4292870144
0 0 4292870144
0 0 4292870144
0 0 4292870144
0 0 4292870144
0 0 4292870144
0 0 4292870144
0 0 4292870144
0 0 4292870144
0 0 4292870144
0 0 4292870144
0 0 4292870144
0 0 4292870144
0 0 4292870144
0 0 4292870144
0 0 4292870144
0 0 4292870144
0 0 4292870144
0 0 4292870144
1 0 4292870144
1 0 4292870144
1 0 4292870144
1 0 4290772992
1 0 4290772992
1 0 4290772992
1 0 4290772992
1 0 4290772992
1 0 4290772992
1 0 4290772992
1 0 4290772992
1 0 4290772992
1 0 4290772992
1 0 4290772992
1 0 4290772992
1 0 4290772992
1 0 4290772992
1 0 4290772992
1 0 4290772992
1 0 4290772992
1 0 4290772992
1 0 4290772992
1 0 4290772992
1 0 4290772992
1 0 4290772992
1 0 4290772992
1 0 4290772992
1 0 4290772992
1 0 4286578688
1 0 4286578688
1 0 4286578688
1 0 4286578688
1 0 4286578688
1 0 4286578688
1 0 4286578688
1 0 4286578688
1 0 4286578688
1 0 4286578688
1 0 4286578688
1 0 4286578688
1 0 4286578688
1 0 4286578688
1 0 4286578688
1 0 4286578688
1 0 4286578688
1 0 4286578688
1 0 4286578688
1 0 4286578688
1 0 4286578688
1 0 4286578688
1 0 4286578688
1 0 4286578688
1 0 4286578688
1 0 4278190080
1 0 4278190080
1 0 4278190080
1 0 4278190080
1 0 4278190080
1 0 4278190080
1 0 4278190080
1 0 4278190080
1 0 4278190080
1 0 4278190080
1 0 4278190080
1 0 4278190080
1 0 4278190080
1 0 4278190080
1 0 4278190080
1 0 4278190080
1 0 4278190080
1 0 4278190080
1 0 4278190080
1 0 4278190080
1 0 4278190080
1 0 4278190080
1 0 4278190080
1 0 4278190080
1 0 4278190080
1 0 4261412864
1 0 4261412864
1 0 4261412864
1 0 4261412864
1 0 4261412864
1 0 4261412864
1 0 4261412864
1 0 4261412864
1 0 4261412864
1 0 4261412864
1 0 4261412864
1 0 4261412864
1 0 4261412864
1 0 4261412864
1 0 4261412864
1 0 4261412864
1 0 4261412864
1 0 4261412864
1 0 4261412864
1 0 4261412864
1 0 4261412864
1 0 4261412864
1 0 4261412864
1 0 4261412864
1 0 4261412864
1 0 4227858432
1 0 4227858432
1 0 4227858432
1 0 4227858432
1 0 4227858432
1 0 4227858432
1 0 4227858432
1 0 4227858432
1 0 4227858432
1 0 4227858432
1 0 4227858432
1 0 4227858432
1 0 4227858432
1 0 4227858432
1 0 4227858432
1 0 4227858432
1 0 4227858432
1 0 4227858432
1 0 4227858432
1 0 4227858432
1 0 4227858432
1 0 4227858432
1 0 4227858432
1 0 4227858432
1 0 4227858432
1 0 4160749568
1 0 4160749568
1 0 4160749568
1 0 4160749568
1 0 4160749568
1 0 4160749568
1 0 4160749568
1 0 4160749568
1 0 4160749568
1 0 4160749568
1 0 4160749568
1 0 4160749568
1 0 4160749568
1 0 4160749568
1 0 4160749568
1 0 4160749568
1 0 4160749568
1 0 4160749568
1 0 4160749568
1 0 4160749568
1 0 4160749568
1 0 4160749568
1 0 4160749568
1 0 4160749568
1 0 4160749568
1 0 4026531840
1 0 4026531840
1 0 4026531840
1 0 4026531840
1 0 4026531840
1 0 4026531840
1 0 4026531840
1 0 4026531840
1 0 4026531840
1 0 4026531840
1 0 4026531840
1 0 4026531840
1 0 4026531840
1 0 4026531840
1 0 4026531840
1 0 4026531840
1 0 4026531840
1 0 4026531840
1 0 4026531840
1 0 4026531840
1 0 4026531840
1 0 4026531840
1 0 4026531840
1 0 4026531840
1 0 4026531840
1 0 3758096384
1 0 3758096384
1 0 3758096384
1 0 3758096384
1 0 3758096384
1 0 3758096384
1 0 3758096384
1 0 3758096384
1 0 3758096384
1 0 3758096384
1 0 3758096384
1 0 3758096384
1 0 3758096384
1 0 3758096384
1 0 3758096384
1 0 3758096384
1 0 3758096384
1 0 3758096384
1 0 3758096384
1 0 3758096384
1 0 3758096384
1 0 3758096384
1 0 3758096384
1 0 3758096384
1 0 3758096384
1 0 3221225472
1 0 3221225472
1 0 3221225472
1 0 3221225472
1 0 3221225472
1 0 3221225472
1 0 3221225472
1 0 3221225472
1 0 3221225472
1 0 3221225472
1 0 3221225472
1 0 3221225472
1 0 3221225472
1 0 3221225472
1 0 3221225472
1 0 3221225472
1 0 3221225472
1 0 3221225472
1 0 3221225472
1 0 3221225472
1 0 3221225472
1 0 3221225472
1 0 3221225472
1 0 3221225472
1 0 3221225472
1 0 2147483648
1 0 2147483648
1 0 2147483648
1 0 2147483648
1 0 2147483648
1 0 2147483648
1 0 2147483648
1 0 2147483648
1 0 2147483648
1 0 2147483648
1 0 2147483648
1 0 2147483648
1 0 2147483648
1 0 2147483648
1 0 2147483648
1 0 2147483648
1 0 2147483648
1 0 2147483648
1 0 2147483648
1 0 2147483648
1 0 2147483648
1 0 2147483648
1 0 2147483648
1 0 2147483648
1 0 2147483648
1 0 0
1 0 0
1 0 0
1 0 0
1 0 0
1 0 0
1 0 0
1 0 0
1 0 0
1 0 0
1 0 1
1 0 1
1 0 1
1 0 1
1 0 1
1 0 1
1 0 1
1 0 1
1 0 1
1 0 1
1 0 1
1 0 1
1 0 1
1 0 1
1 0 1
1 0 1
1 0 1
1 0 1
1 0 1
1 0 1
1 0 1
1 0 1
1 0 1
1 0 1
1 0 1
1 0 3
1 0 3
1 0 3
1 0 3
1 0 3
1 0 3
1 0 3
1 0 3
1 0 3
1 0 3
1 0 3
1 0 3
1 0 3
1 0 3
1 0 3
1 0 3
1 0 3
1 0 3
1 0 3
1 0 3
1 0 3
1 0 3
1 0 3
1 0 3
1 0 3
1 0 7
1 0 7
1 0 7
1 0 7
1 0 7
1 0 7
1 0 7
1 0 7
1 0 7
1 0 7
1 0 7
1 0 7
1 0 7
1 0 7
1 0 7
1 0 7
1 0 7
1 0 7
1 0 7
1 0 7
1 0 7
1 0 7
1 0 7
1 0 7
1 0 7
1 0 15
1 0 15
1 0 15
1 0 15
1 0 15
1 0 15
1 0 15
1 0 15
1 0 15
1 0 15
1 0 15
1 0 15
1 0 15
1 0 15
1 0 15
1 0 15
1 0 15
1 0 15
1 0 15
1 0 15
1 0 15
1 0 15
1 0 15
1 0 15
1 0 15
1 0 31
1 0 31
1 0 31
1 0 31
1 0 31
1 0 31
1 0 31
1 0 31
1 0 31
1 0 31
1 0 31
1 0 31
1 0 31
1 0 31
1 0 31
1 0 31
1 0 31
1 0 31
1 0 31
1 0 31
1 0 31
1 0 31
1 0 31
1 0 31
1 0 63
1 0 63
1 0 63
1 0 63
1 0 63
1 0 63
1 0 63
1 0 63
1 0 63
1 0 63
1 0 63
1 0 63
1 0 63
1 0 63
1 0 63
1 0 63
1 0 63
1 0 63
1 0 63
1 0 63
1 0 63
1 0 63
1 0 63
1 0 63
1 0 63
1 0 127
1 0 127
1 0 127
1 0 127
1 0 127
1 0 127
1 0 127
1 0 127
1 0 127
1 0 127
1 0 127
1 0 127
1 0 127
1 0 127
1 0 127
1 0 127
1 0 127
1 0 127
1 0 127
1 0 127
1 0 127
1 0 127
1 0 127
1 0 127
1 0 127
1 0 255
1 0 255
1 0 255
1 0 255
1 0 255
1 0 255
1 0 255
1 0 255
1 0 255
1 0 255
1 0 255
1 0 255
1 0 255
1 0 255
1 0 255
1 0 255
1 0 255
1 0 255
1 0 255
1 0 255
1 0 255
1 0 255
1 0 255
1 0 255
1 0 255
1 0 511
1 0 511
1 0 511
1 0 511
1 0 511
1 0 511
1 0 511
1 0 511
1 0 511
1 0 511
1 0 511
1 0 511
1 0 511
1 0 511
1 0 511
1 0 511
1 0 511
1 0 511
1 0 511
1 0 511
1 0 511
1 0 511
1 0 511
1 0 511
1 0 511
1 0 1023
1 0 1023
1 0 1023
1 0 1023
1 0 1023
1 0 1023
1 0 1023
1 0 1023
1 0 1023
1 0 1023
1 0 1023
1 0 1023
1 0 1023
1 0 1023
1 0 1023
1 0 1023
1 0 1023
1 0 1023
1 0 1023
1 0 1023
1 0 1023
1 0 1023
1 0 1023
1 0 1023
1 0 1023
1 0 2047
1 0 2047
1 0 2047
1 0 2047
1 0 2047
1 0 2047
1 0 2047
1 0 2047
1 0 2047
1 0 2047
1 0 2047
1 0 2047
1 0 2047
1 0 2047
1 0 2047
1 0 2047
1 0 2047
1 0 2047
1 0 2047
1 0 2047
1 0 2047
1 0 2047
1 0 2047
1 0 2047
1 0 2047
1 0 4095
1 0 4095
1 0 4095
1 0 4095
1 0 4095
1 0 4095
1 0 4095
1 0 4095
1 0 4095
1 0 4095
1 0 4095
1 0 4095
1 0 4095
1 0 4095
1 0 4095
1 0 4095
1 0 4095
1 0 4095
1 0 4095
1 0 4095
1 0 4095
1 0 4095
1 0 4095
1 0 4095
1 0 4095
1 0 8191
1 0 8191
1 0 8191
1 0 8191
1 0 8191
1 0 8191
1 0 8191
1 0 8191
1 0 8191
1 0 8191
1 0 8191
1 0 8191
1 0 8191
1 0 8191
1 0 8191
1 0 8191
1 0 8191
1 0 8191
1 0 8191
1 0 8191
1 0 8191
1 0 8191
1 0 8191
1 0 8191
1 0 8191
1 0 16383
1 0 16383
1 0 16383
1 0 16383
1 0 16383
1 0 16383
1 0 16383
1 0 16383
1 0 16383
1 0 16383
1 0 16383
1 0 16383
1 0 16383
1 0 16383
1 0 16383
1 0 16383
1 0 16383
1 0 16383
1 0 16383
1 0 16383
1 0 16383
1 0 16383
1 0 16383
1 0 16383
1 0 16383
1 0 32767
1 0 32767
1 0 32767
1 0 32767
1 0 32767
1 0 32767
1 0 32767
1 0 32767
1 0 32767
1 0 32767
1 0 32767
1 0 32767
1 0 32767
1 0 32767
1 0 32767
1 0 32767
1 0 32767
1 0 32767
1 0 32767
1 0 32767
1 0 32767
1 0 32767
1 0 32767
1 0 32767
1 0 32767
1 0 65535
1 0 65535
1 0 65535
1 0 65535
1 0 65535
1 0 65535
1 0 65535
1 0 65535
1 0 65535
1 0 65535
1 0 65535
1 0 65535
1 0 65535
1 0 65535
1 0 65535
1 0 65535
1 0 65535
1 0 65535
1 0 65535
1 0 65535
1 0 65535
1 0 65535
1 0 65535
1 0 65535
1 0 65535
1 0 131071
1 0 131071
1 0 131071
1 0 131071
1 0 131071
1 0 131071
1 0 131071
1 0 131071
1 0 131071
1 0 131071
1 0 131071
1 0 131071
1 0 131071
1 0 131071
1 0 131071
1 0 131071
1 0 131071
1 0 131071
1 0 131071
1 0 131071
1 0 131071
1 0 131071
1 0 131071
1 0 131071
1 0 131071
1 0 262143
1 0 262143
1 0 262143
1 0 262143
1 0 262143
1 0 262143
1 0 262143
1 0 262143
1 0 262143
1 0 262143
1 0 262143
1 0 262143
1 0 262143
1 0 262143
1 0 262143
1 0 262143
1 0 262143
1 0 262143
1 0 262143
1 0 262143
1 0 262143
1 0 262143
1 0 262143
1 0 262143
1 0 262143
1 0 524287
1 0 524287
1 0 524287
1 0 524287
1 0 524287
1 0 524287
1 0 524287
1 0 524287
1 0 524287
1 0 524287
1 0 524287
1 0 524287
1 0 524287
1 0 524287
1 0 524287
1 0 524287
1 0 524287
1 0 524287
1 0 524287
1 0 524287
1 0 524287
1 0 524287
1 0 524287
1 0 524287
1 0 524287
1 0 1048575
1 0 1048575
1 0 1048575
1 0 1048575
1 0 1048575
1 0 1048575
1 0 1048575
1 0 1048575
1 0 1048575
1 0 1048575
1 0 1048575
1 0 1048575
1 0 1048575
1 0 1048575
1 0 1048575
1 0 1048575
1 0 1048575
1 0 1048575
1 0 1048575
1 0 1048575
1 0 1048575
1 0 1048575
1 0 1048575
1 0 1048575
1 0 1048575
1 0 2097151
1 0 2097151
1 0 2097151
1 0 2097151
1 0 2097151
1 0 2097151
1 0 2097151
1 0 2097151
1 0 2097151
1 0 2097151
1 0 2097151
1 0 2097151
1 0 2097151
1 0 2097151
1 0 2097151
1 0 2097151
1 0 2097151
1 0 2097151
1 0 2097151
1 0 2097151
1 0 2097151
1 0 2097151
1 0 2097151
1 0 2097151
1 0 4194303
1 0 4194303
1 0 4194303
1 0 4194303
1 0 4194303
1 0 4194303
1 0 4194303
1 0 4194303
1 0 4194303
1 0 4194303
1 0 4194303
1 0 4194303
1 0 4194303
1 0 4194303
1 0 4194303
1 0 4194303
1 0 4194303
1 0 4194303
1 0 4194303
1 0 4194303
1 0 4194303
1 0 4194303
1 0 4194303
1 0 4194303
1 0 4194303
1 0 8388607
1 0 8388607
1 0 8388607
1 0 8388607
1 0 8388607
1 0 8388607
1 0 8388607
1 0 8388607
1 1 8388607
1 1 8388607
1 1 8388607
1 1 8388607
1 1 8388607
1 1 8388607
1 1 8388607
1 1 8388607
1 1 8388607
1 1 8388607
1 1 8388607
1 1 8388607
1 1 8388607
1 1 8388607
1 1 8388607
1 1 8388607
1 1 8388607
1 1 16777215
1 1 16777215
1 1 16777215
1 1 16777215
1 1 16777215
1 1 16777215
1 1 16777215
1 1 16777215
1 1 16777215
1 1 16777215
1 1 16777215
1 1 16777215
1 1 16777215
1 1 16777215
1 1 16777215
1 1 16777215
1 1 16777215
1 1 16777215
1 1 16777215
1 1 16777215
1 1 16777215
1 1 16777215
1 1 16777215
1 1 16777215
1 1 16777215
1 1 33554431
1 1 33554431
1 1 33554431
1 1 33554431
1 1 33554431
1 1 33554431
1 1 33554431
1 1 33554431
1 1 33554431
1 1 33554431
1 1 33554431
1 1 33554431
1 1 33554431
1 1 33554431
1 1 33554431
1 1 33554431
1 1 33554431
1 1 33554431
1 1 33554431
1 1 33554431
1 1 33554431
1 1 33554431
1 1 33554431
1 1 33554431
1 1 33554431
1 1 67108863
1 1 67108863
1 1 67108863
1 1 67108863
1 1 67108863
1 1 67108863
1 1 67108863
1 1 67108863
1 1 67108863
1 1 67108863
1 1 67108863
1 1 67108863
1 1 67108863
1 1 67108863
1 1 67108863
1 1 67108863
1 1 67108863
1 1 67108863
1 1 67108863
1 1 67108863
1 1 67108863
1 1 67108863
1 1 67108863
1 1 67108863
1 1 67108863
1 1 134217727
1 1 134217727
1 1 134217727
1 1 134217727
1 1 134217727
1 1 134217727
1 1 134217727
1 1 134217727
1 1 134217727
1 1 134217727
1 1 134217727
1 1 134217727
1 1 134217727
1 1 134217727
1 1 134217727
1 1 134217727
1 1 134217727
1 1 134217727
1 1 134217727
1 1 134217727
1 1 134217727
1 1 134217727
1 1 134217727
1 1 134217727
1 1 134217727
1 1 268435455
1 1 268435455
1 1 268435455
1 1 268435455
1 1 268435455
1 1 268435455
1 1 268435455
1 1 268435455
1 1 268435455
1 1 268435455
1 1 268435455
1 1 268435455
1 1 268435455
1 1 268435455
1 1 268435455
1 1 268435455
1 1 268435455
1 1 268435455
1 1 268435455
1 1 268435455
1 1 268435455
1 1 268435455
1 1 268435455
1 1 268435455
1 1 268435455
1 1 536870911
1 1 536870911
1 1 536870911
1 1 536870911
1 1 536870911
1 1 536870911
1 1 536870911
1 1 536870911
1 1 536870911
1 1 536870911
1 1 536870911
1 1 536870911
1 1 536870911
1 1 536870911
1 1 536870911
1 1 536870911
1 1 536870911
1 1 536870911
1 1 536870911
1 1 536870911
1 1 536870911
1 1 536870911
1 1 536870911
1 1 536870911
1 1 536870911
1 1 1073741823
1 1 1073741823
1 1 1073741823
1 1 1073741823
1 1 1073741823
1 1 1073741823
1 1 1073741823
1 1 1073741823
1 1 1073741823
1 1 1073741823
1 1 1073741823
1 1 1073741823
1 1 1073741823
1 1 1073741823
1 1 1073741823
1 1 1073741823
1 1 1073741823
1 1 1073741823
1 1 1073741823
1 1 1073741823
1 1 1073741823
1 1 1073741823
1 1 1073741823
1 1 1073741823
1 1 1073741823
1 1 2147483647
1 1 2147483647
1 1 2147483647
1 1 2147483647
1 1 2147483647
1 1 2147483647
1 1 2147483647
1 1 2147483647
1 1 2147483647
1 1 2147483647
1 1 2147483647
1 1 2147483647
1 1 2147483647
1 1 2147483647
1 1 2147483647
1 1 2147483647
1 1 2147483647
1 1 2147483647
1 1 2147483647
1 1 2147483647
1 1 2147483647
1 1 2147483647
1 1 2147483647
1 1 2147483647
1 1 2147483647
1 1 4294967295
1 1 4294967295
1 1 4294967295
1 1 4294967295
1 1 4294967295
1 1 4294967295
1 1 4294967295
1 1 4294967295
1 1 4294967295
1 1 4294967295
1 1 4294967295
1 1 4294967295
1 1 4294967295
1 1 4294967295
1 1 4294967295
1 1 4294967294
1 1 4294967294
1 1 4294967294
1 1 4294967294
1 1 4294967294
1 1 4294967294
1 1 4294967294
1 1 4294967294
1 1 4294967294
1 1 4294967294
1 1 4294967294
1 1 4294967294
1 1 4294967294
1 1 4294967294
1 1 4294967294
1 1 4294967294
1 1 4294967294
1 1 4294967294
1 1 4294967294
1 1 4294967294
1 1 4294967294
1 1 4294967294
1 1 4294967294
1 1 4294967294
1 1 4294967294
1 1 4294967292
1 1 4294967292
1 1 4294967292
1 1 4294967292
1 1 4294967292
1 1 4294967292
1 1 4294967292
1 1 4294967292
1 1 4294967292
1 1 4294967292
1 1 4294967292
1 1 4294967292
1 1 4294967292
1 1 4294967292
1 1 4294967292
1 1 4294967292
1 1 4294967292
1 1 4294967292
1 1 4294967292
1 1 4294967292
1 1 4294967292
1 1 4294967292
1 1 4294967292
1 1 4294967292
1 1 4294967292
1 1 4294967288
1 1 4294967288
1 1 4294967288
1 1 4294967288
1 1 4294967288
1 1 4294967288
1 1 4294967288
1 1 4294967288
1 1 4294967288
1 1 4294967288
1 1 4294967288
1 1 4294967288
1 1 4294967288
1 1 4294967288
1 1 4294967288
1 1 4294967288
1 1 4294967288
1 1 4294967288
1 1 4294967288
1 1 4294967288
1 1 4294967288
1 1 4294967288
1 1 4294967288
1 1 4294967288
1 1 4294967288
1 1 4294967280
1 1 4294967280
1 1 4294967280
1 1 4294967280
1 1 4294967280
1 1 4294967280
1 1 4294967280
1 1 4294967280
1 1 4294967280
1 1 4294967280
1 1 4294967280
1 1 4294967280
1 1 4294967280
1 1 4294967280
1 1 4294967280
1 1 4294967280
1 1 4294967280
1 1 4294967280
1 1 4294967280
1 1 4294967280
1 1 4294967280
1 1 4294967280
1 1 4294967280
1 1 4294967280
1 1 4294967280
1 1 4294967264
1 1 4294967264
1 1 4294967264
1 1 4294967264
1 1 4294967264
1 1 4294967264
1 1 4294967264
1 1 4294967264
1 1 4294967264
1 1 4294967264
1 1 4294967264
1 1 4294967264
1 1 4294967264
1 1 4294967264
1 1 4294967264
1 1 4294967264
1 1 4294967264
1 1 4294967264
1 1 4294967264
1 1 4294967264
1 1 4294967264
1 1 4294967264
1 1 4294967264
1 1 4294967264
1 1 4294967264
1 1 4294967232
1 1 4294967232
1 1 4294967232
1 1 4294967232
1 1 4294967232
1 1 4294967232
1 1 4294967232
1 1 4294967232
1 1 4294967232
1 1 4294967232
1 1 4294967232
1 1 4294967232
1 1 4294967232
1 1 4294967232
1 1 4294967232
1 1 4294967232
1 1 4294967232
1 1 4294967232
1 1 4294967232
1 1 4294967232
1 1 4294967232
1 1 4294967232
1 1 4294967232
1 1 4294967232
1 1 4294967232
1 1 4294967168
1 1 4294967168
1 1 4294967168
1 1 4294967168
1 1 4294967168
1 1 4294967168
1 1 4294967168
1 1 4294967168
1 1 4294967168
1 1 4294967168
1 1 4294967168
1 1 4294967168
1 1 4294967168
1 1 4294967168
1 1 4294967168
1 1 4294967168
1 1 4294967168
1 1 4294967168
1 1 4294967168
1 1 4294967168
1 1 4294967168
1 1 4294967168
1 1 4294967168
1 1 4294967168
1 1 4294967168
1 1 4294967040
1 1 4294967040
1 1 4294967040
1 1 4294967040
1 1 4294967040
1 1 4294967040
1 1 4294967040
1 1 4294967040
1 1 4294967040
1 1 4294967040
1 1 4294967040
1 1 4294967040
1 1 4294967040
1 1 4294967040
1 1 4294967040
1 1 4294967040
1 1 4294967040
1 1 4294967040
1 1 4294967040
1 1 4294967040
1 1 4294967040
1 1 4294967040
1 1 4294967040
1 1 4294967040
1 1 4294967040
1 1 4294966784
1 1 4294966784
1 1 4294966784
1 1 4294966784
1 1 4294966784
1 1 4294966784
1 1 4294966784
1 1 4294966784
1 1 4294966784
1 1 4294966784
1 1 4294966784
1 1 4294966784
1 1 4294966784
1 1 4294966784
1 1 4294966784
1 1 4294966784
1 1 4294966784
1 1 4294966784
1 1 4294966784
1 1 4294966784
1 1 4294966784
1 1 4294966784
1 1 4294966784
1 1 4294966784
1 1 4294966784
1 1 4294966272
1 1 4294966272
1 1 4294966272
1 1 4294966272
1 1 4294966272
1 1 4294966272
1 1 4294966272
1 1 4294966272
1 1 4294966272
1 1 4294966272
1 1 4294966272
1 1 4294966272
1 1 4294966272
1 1 4294966272
1 1 4294966272
1 1 4294966272
1 1 4294966272
1 1 4294966272
1 1 4294966272
1 1 4294966272
1 1 4294966272
1 1 4294966272
1 1 4294966272
1 1 4294966272
1 1 4294966272
1 1 4294965248
1 1 4294965248
1 1 4294965248
1 1 4294965248
1 1 4294965248
1 1 4294965248
1 1 4294965248
1 1 4294965248
1 1 4294965248
1 1 4294965248
1 1 4294965248
1 1 4294965248
1 1 4294965248
1 1 4294965248
1 1 4294965248
1 1 4294965248
1 1 4294965248
1 1 4294965248
1 1 4294965248
1 1 4294965248
1 1 4294965248
1 1 4294965248
1 1 4294965248
1 1 4294965248
1 1 4294965248
1 1 4294963200
1 1 4294963200
1 1 4294963200
1 1 4294963200
1 1 4294963200
1 1 4294963200
1 1 4294963200
1 1 4294963200
1 1 4294963200
1 1 4294963200
1 1 4294963200
1 1 4294963200
1 1 4294963200
1 1 4294963200
1 1 4294963200
1 1 4294963200
1 1 4294963200
1 1 4294963200
1 1 4294963200
1 1 4294963200
1 1 4294963200
1 1 4294963200
1 1 4294963200
1 1 4294963200
1 1 4294963200
1 1 4294959104
1 1 4294959104
1 1 4294959104
1 1 4294959104
1 1 4294959104
1 1 4294959104
1 1 4294959104
1 1 4294959104
1 1 4294959104
1 1 4294959104
1 1 4294959104
1 1 4294959104
1 1 4294959104
1 1 4294959104
1 1 4294959104
1 1 4294959104
1 1 4294959104
1 1 4294959104
1 1 4294959104
1 1 4294959104
1 1 4294959104
1 1 4294959104
1 1 4294959104
1 1 4294959104
1 1 4294959104
1 1 4294950912
1 1 4294950912
1 1 4294950912
1 1 4294950912
1 1 4294950912
1 1 4294950912
1 1 4294950912
1 1 4294950912
1 1 4294950912
1 1 4294950912
1 1 4294950912
1 1 4294950912
1 1 4294950912
1 1 4294950912
1 1 4294950912
1 1 4294950912
1 1 4294950912
1 1 4294950912
1 1 4294950912
1 1 4294950912
1 1 4294950912
1 1 4294950912
1 1 4294950912
1 1 4294950912
1 1 4294950912
1 1 4294934528
1 1 4294934528
1 1 4294934528
1 1 4294934528
1 1 4294934528
1 1 4294934528
1 1 4294934528
1 1 4294934528
1 1 4294934528
1 1 4294934528
1 1 4294934528
1 1 4294934528
1 1 4294934528
1 1 4294934528
1 1 4294934528
1 1 4294934528
1 1 4294934528
1 1 4294934528
1 1 4294934528
1 1 4294934528
1 1 4294934528
1 1 4294934528
1 1 4294934528
1 1 4294934528
1 1 4294934528
1 1 4294901760
1 1 4294901760
1 1 4294901760
1 1 4294901760
1 1 4294901760
1 1 4294901760
1 1 4294901760
1 1 4294901760
1 1 4294901760
1 1 4294901760
1 1 4294901760
1 1 4294901760
1 1 4294901760
1 1 4294901760
1 1 4294901760
1 1 4294901760
1 1 4294901760
1 1 4294901760
1 1 4294901760
1 1 4294901760
1 1 4294901760
1 1 4294901760
1 1 4294901760
1 1 4294901760
1 1 4294901760
1 1 4294836224
1 1 4294836224
1 1 4294836224
1 1 4294836224
1 1 4294836224
1 1 4294836224
1 1 4294836224
1 1 4294836224
1 1 4294836224
1 1 4294836224
1 1 4294836224
1 1 4294836224
1 1 4294836224
1 1 4294836224
1 1 4294836224
1 1 4294836224
1 1 4294836224
1 1 4294836224
1 1 4294836224
1 1 4294836224
1 1 4294836224
1 1 4294836224
1 1 4294836224
1 1 4294836224
1 1 4294836224
1 1 4294705152
1 1 4294705152
1 1 4294705152
1 1 4294705152
1 1 4294705152
1 1 4294705152
1 1 4294705152
1 1 4294705152
1 1 4294705152
1 1 4294705152
1 1 4294705152
1 1 4294705152
1 1 4294705152
1 1 4294705152
1 1 4294705152
1 1 4294705152
1 1 4294705152
1 1 4294705152
1 1 4294705152
1 1 4294705152
1 1 4294705152
1 1 4294705152
1 1 4294705152
1 1 4294705152
1 1 4294705152
1 1 4294443008
1 1 4294443008
1 1 4294443008
1 1 4294443008
1 1 4294443008
1 1 4294443008
1 1 4294443008
1 1 4294443008
1 1 4294443008
1 1 4294443008
1 1 4294443008
1 1 4294443008
1 1 4294443008
1 1 4294443008
1 1 4294443008
1 1 4294443008
1 1 4294443008
1 1 4294443008
1 1 4294443008
1 1 4294443008
1 1 4294443008
1 1 4294443008
1 1 4294443008
1 1 4294443008
1 1 4294443008
1 1 4293918720
1 1 4293918720
1 1 4293918720
1 1 4293918720
1 1 4293918720
1 1 4293918720
1 1 4293918720
1 1 4293918720
1 1 4293918720
1 1 4293918720
1 1 4293918720
1 1 4293918720
1 1 4293918720
1 1 4293918720
1 1 4293918720
1 1 4293918720
1 1 4293918720
1 1 4293918720
1 1 4293918720
1 1 4293918720
1 1 4293918720
1 1 4293918720
1 1 4293918720
1 1 4293918720
1 1 4293918720
1 1 4292870144
1 1 4292870144
1 1 4292870144
1 1 4292870144
1 1 4292870144
1 1 4292870144
1 1 4292870144
1 1 4292870144
1 1 4292870144
1 1 4292870144
1 1 4292870144
1 1 4292870144
1 1 4292870144
1 1 4292870144
1 1 4292870144
1 1 4292870144
1 1 4292870144
1 1 4292870144
1 1 4292870144
1 1 4292870144
1 1 4292870144
1 1 4292870144
1 1 4292870144
1 1 4292870144
1 1 4292870144
1 1 4290772992
1 1 4290772992
1 1 4290772992
1 1 4290772992
1 1 4290772992
1 1 4290772992
1 1 4290772992
1 1 4290772992
1 1 4290772992
1 1 4290772992
0 1 4290772992
0 1 4290772992
0 1 4290772992
0 1 4290772992
0 1 4290772992
0 1 4290772992
0 1 4290772992
0 1 4290772992
0 1 4290772992
0 1 4290772992
0 1 4290772992
0 1 4290772992
0 1 4290772992
0 1 4290772992
0 1 4290772992
0 1 4286578688
0 1 4286578688
0 1 4286578688
0 1 4286578688
0 1 4286578688
0 1 4286578688
0 1 4286578688
0 1 4286578688
0 1 4286578688
0 1 4286578688
0 1 4286578688
0 1 4286578688
0 1 4286578688
0 1 4286578688
0 1 4286578688
0 1 4286578688
0 1 4286578688
0 1 4286578688
0 1 4286578688
0 1 4286578688
0 1 4286578688
0 1 4286578688
0 1 4286578688
0 1 4286578688
0 1 4286578688
0 1 4278190080
0 1 4278190080
0 1 4278190080
0 1 4278190080
0 1 4278190080
0 1 4278190080
0 1 4278190080
0 1 4278190080
0 1 4278190080
0 1 4278190080
0 1 4278190080
0 1 4278190080
0 1 4278190080
0 1 4278190080
0 1 4278190080
0 1 4278190080
0 1 4278190080
0 1 4278190080
0 1 4278190080
0 1 4278190080
0 1 4278190080
0 1 4278190080
0 1 4278190080
0 1 4278190080
0 1 4278190080
0 1 4261412864
0 1 4261412864
0 1 4261412864
0 1 4261412864
2 1 4261412864
2 1 4261412864
2 1 4261412864
2 1 4261412864
2 1 4261412864
2 1 4261412864
2 1 4261412864
2 1 4261412864
2 1 4261412864
2 1 4261412864
2 1 4261412864
2 1 4261412864
2 1 4261412864
2 1 4261412864
2 1 4261412864
2 1 4261412864
2 1 4261412864
2 1 4261412864
2 1 4261412864
2 1 4261412864
2 1 4261412864
2 1 4227858432
2 1 4227858432
2 1 4227858432
2 1 4227858432
2 1 4227858432
2 1 4227858432
2 1 4227858432
2 1 4227858432
2 1 4227858432
2 1 4227858432
2 1 4227858432
2 1 4227858432
2 1 4227858432
2 1 4227858432
2 1 4227858432
2 1 4227858432
2 1 4227858432
2 1 4227858432
2 1 4227858432
2 1 4227858432
2 1 4227858432
2 1 4227858432
2 1 4227858432
2 1 4227858432
2 1 4227858432
2 1 4160749568
2 1 4160749568
2 1 4160749568
2 1 4160749568
2 1 4160749568
2 1 4160749568
2 1 4160749568
2 1 4160749568
2 1 4160749568
2 1 4160749568
2 1 4160749568
2 1 4160749568
2 1 4160749568
2 1 4160749568
2 1 4160749568
2 1 4160749568
2 1 4160749568
2 1 4160749568
2 1 4160749568
2 1 4160749568
2 1 4160749568
2 1 4160749568
2 1 4160749568
2 1 4160749568
2 1 4160749568
2 1 4026531840
2 1 4026531840
2 1 4026531840
2 1 4026531840
2 1 4026531840
2 1 4026531840
2 1 4026531840
2 1 4026531840
2 1 4026531840
2 1 4026531840
2 1 4026531840
2 1 4026531840
2 1 4026531840
2 1 4026531840
2 1 4026531840
2 1 4026531840
2 1 4026531840
2 1 4026531840
2 1 4026531840
2 1 4026531840
2 1 4026531840
2 1 4026531840
2 1 4026531840
2 1 4026531840
2 1 4026531840
2 1 3758096384
2 1 3758096384
2 1 3758096384
2 1 3758096384
2 1 3758096384
2 1 3758096384
2 1 3758096384
2 1 3758096384
2 1 3758096384
2 1 3758096384
2 1 3758096384
2 1 3758096384
2 1 3758096384
2 1 3758096384
2 1 3758096384
2 1 3758096384
2 1 3758096384
2 1 3758096384
2 1 3758096384
2 1 3758096384
2 1 3758096384
2 1 3758096384
2 1 3758096384
2 1 3758096384
2 1 3758096384
2 1 3221225472
2 1 3221225472
2 1 3221225472
2 1 3221225472
2 1 3221225472
2 1 3221225472
2 1 3221225472
2 1 3221225472
2 1 3221225472
2 1 3221225472
2 1 3221225472
2 1 3221225472
2 1 3221225472
2 1 3221225472
2 1 3221225472
2 1 3221225472
2 1 3221225472
2 1 3221225472
2 1 3221225472
2 1 3221225472
2 1 3221225472
2 1 3221225472
2 1 3221225472
2 1 3221225472
2 1 3221225472
2 1 2147483648
2 1 2147483648
2 1 2147483648
2 1 2147483648
2 1 2147483648
2 1 2147483648
2 1 2147483648
2 1 2147483648
2 1 2147483648
2 1 2147483648
2 1 2147483648
2 1 2147483648
2 1 2147483648
2 1 2147483648
2 1 2147483648
2 1 2147483648
2 1 2147483648
2 1 2147483648
2 1 2147483648
2 1 2147483648
2 1 2147483648
2 1 2147483648
2 1 2147483648
2 1 2147483648
2 1 2147483648
2 1 0
2 1 0
2 1 0
2 1 0
2 1 0
2 1 0
2 1 0
2 1 0
2 1 0
2 1 1
2 1 1
2 1 1
2 1 1
2 1 1
2 1 1
2 1 1
2 1 1
2 1 1
2 1 1
2 1 1
2 1 1
2 1 1
2 1 1
2 1 1
2 1 1
2 1 1
2 1 1
2 1 1
2 1 1
2 1 1
2 1 1
2 1 1
2 1 1
2 1 1
2 1 3
2 1 3
2 1 3
2 1 3
2 1 3
2 1 3
2 1 3
2 1 3
2 1 3
2 1 3
2 1 3
2 1 3
2 1 3
2 1 3
2 1 3
2 1 3
2 1 3
2 1 3
2 1 3
2 1 3
2 1 3
2 1 3
2 1 3
2 1 3
2 1 3
2 1 7
2 1 7
2 1 7
2 1 7
2 1 7
2 1 7
2 1 7
2 1 7
2 1 7
2 1 7
2 1 7
2 1 7
2 1 7
2 1 7
2 1 7
2 1 7
2 1 7
2 1 7
2 1 7
2 1 7
2 1 7
2 1 7
2 1 7
2 1 7
2 1 7
2 1 15
2 1 15
2 1 15
2 1 15
2 1 15
2 1 15
2 1 15
2 1 15
2 1 15
2 1 15
2 1 15
2 1 15
2 1 15
2 1 15
2 1 15
2 1 15
2 1 15
2 1 15
2 1 15
2 1 15
2 1 15
2 1 15
2 1 15
2 1 15
2 1 15
2 1 31
2 1 31
2 1 31
2 1 31
2 1 31
2 1 31
2 1 31
2 1 31
2 1 31
2 1 31
2 1 31
2 1 31
2 1 31
2 1 31
2 1 31
2 1 31
2 1 31
2 1 31
2 1 31
2 1 31
2 1 31
2 1 31
2 1 31
2 1 31
2 1 31
2 1 63
2 1 63
2 1 63
2 1 63
2 1 63
2 1 63
2 1 63
2 1 63
2 1 63
2 1 63
2 1 63
2 1 63
2 1 63
2 1 63
2 1 63
2 1 63
2 1 63
2 1 63
2 1 63
2 1 63
2 1 63
2 1 63
2 1 63
2 1 63
2 1 63
2 1 127
2 1 127
2 1 127
2 1 127
2 1 127
2 1 127
2 1 127
2 1 127
2 1 127
2 1 127
2 1 127
2 1 127
2 1 127
2 1 127
2 1 127
2 1 127
2 1 127
2 1 127
2 1 127
2 1 127
2 1 127
2 1 127
2 1 127
2 1 127
2 1 127
2 1 255
2 1 255
2 1 255
2 1 255
2 1 255
2 1 255
2 1 255
2 1 255
2 1 255
2 1 255
2 1 255
2 1 255
2 1 255
2 1 255
2 1 255
2 1 255
2 1 255
2 1 255
2 1 255
2 1 255
2 1 255
2 1 255
2 1 255
2 1 255
2 1 255
2 1 511
2 1 511
2 1 511
2 1 511
2 1 511
2 1 511
2 1 511
2 1 511
2 1 511
2 1 511
2 1 511
2 1 511
2 1 511
2 1 511
2 1 511
2 1 511
2 1 511
2 1 511
2 1 511
2 1 511
2 1 511
2 1 511
2 1 511
2 1 511
2 1 511
2 1 1023
2 1 1023
2 1 1023
2 1 1023
2 1 1023
2 1 1023
2 1 1023
2 1 1023
2 1 1023
2 1 1023
2 1 1023
2 1 1023
2 1 1023
2 1 1023
2 1 1023
2 1 1023
2 1 1023
2 1 1023
2 1 1023
2 1 1023
2 1 1023
2 1 1023
2 1 1023
2 1 1023
2 1 1023
2 1 2047
2 1 2047
2 1 2047
2 1 2047
2 1 2047
2 1 2047
2 1 2047
2 1 2047
2 1 2047
2 1 2047
2 1 2047
2 1 2047
2 1 2047
2 1 2047
2 1 2047
2 1 2047
2 1 2047
2 1 2047
2 1 2047
2 1 2047
2 1 2047
2 1 2047
2 1 2047
2 1 2047
2 1 2047
2 1 4095
2 1 4095
2 1 4095
2 1 4095
2 1 4095
2 1 4095
2 1 4095
2 1 4095
2 1 4095
2 1 4095
2 1 4095
2 1 4095
2 1 4095
2 1 4095
2 1 4095
2 1 4095
2 1 4095
2 1 4095
2 1 4095
2 1 4095
2 1 4095
2 1 4095
2 1 4095
2 1 4095
2 1 4095
2 1 8191
2 1 8191
2 1 8191
2 1 8191
2 1 8191
2 1 8191
2 1 8191
2 1 8191
2 1 8191
2 1 8191
2 1 8191
2 1 8191
2 1 8191
2 1 8191
2 1 8191
2 1 8191
2 1 8191
2 1 8191
2 1 8191
2 1 8191
2 1 8191
2 1 8191
2 1 8191
2 1 8191
2 1 8191
2 1 16383
2 1 16383
2 1 16383
2 1 16383
2 1 16383
2 1 16383
2 1 16383
2 1 16383
2 1 16383
2 1 16383
2 1 16383
2 1 16383
2 1 16383
2 1 16383
2 1 16383
2 1 16383
2 1 16383
2 1 16383
2 1 16383
2 1 16383
2 1 16383
2 1 16383
2 1 16383
2 1 16383
2 1 16383
2 1 32767
2 1 32767
2 1 32767
2 1 32767
2 1 32767
2 1 32767
2 1 32767
2 1 32767
2 1 32767
2 1 32767
2 1 32767
2 1 32767
2 1 32767
2 1 32767
2 1 32767
2 1 32767
2 1 32767
2 1 32767
2 1 32767
2 1 32767
2 1 32767
2 1 32767
2 1 32767
2 1 32767
2 1 65535
2 1 65535
2 1 65535
2 1 65535
2 1 65535
2 1 65535
2 1 65535
2 1 65535
2 1 65535
2 1 65535
2 1 65535
2 1 65535
2 1 65535
2 1 65535
2 1 65535
2 1 65535
2 1 65535
2 1 65535
2 1 65535
2 1 65535
2 1 65535
2 1 65535
2 1 65535
2 1 65535
2 1 65535
2 1 131071
2 1 131071
2 1 131071
2 1 131071
2 1 131071
2 1 131071
2 1 131071
2 1 131071
2 1 131071
2 1 131071
2 1 131071
2 1 131071
2 1 131071
2 1 131071
2 1 131071
2 1 131071
2 1 131071
2 1 131071
2 1 131071
2 1 131071
2 1 131071
2 1 131071
2 1 131071
2 1 131071
2 1 131071
2 1 262143
2 1 262143
2 1 262143
2 1 262143
2 1 262143
2 1 262143
2 1 262143
2 1 262143
2 1 262143
2 1 262143
2 1 262143
2 1 262143
2 1 262143
2 1 262143
2 1 262143
2 1 262143
2 1 262143
2 1 262143
2 1 262143
2 1 262143
2 1 262143
2 1 262143
2 1 262143
2 1 262143
2 1 262143
2 1 524287
2 1 524287
2 1 524287
2 1 524287
2 1 524287
2 1 524287
2 1 524287
2 1 524287
2 1 524287
2 1 524287
2 1 524287
2 1 524287
2 1 524287
2 1 524287
2 1 524287
2 1 524287
2 1 524287
2 1 524287
2 1 524287
2 1 524287
2 1 524287
2 1 524287
2 1 524287
2 1 524287
2 1 524287
2 1 1048575
2 1 1048575
2 1 1048575
2 1 1048575
2 1 1048575
2 1 1048575
2 1 1048575
2 1 1048575
2 1 1048575
2 1 1048575
2 1 1048575
2 1 1048575
2 1 1048575
2 1 1048575
2 1 1048575
2 1 1048575
2 1 1048575
2 1 1048575
2 1 1048575
2 1 1048575
2 1 1048575
2 1 1048575
2 1 1048575
2 1 1048575
2 1 1048575
2 1 2097151
2 1 2097151
2 1 2097151
2 1 2097151
2 1 2097151
2 1 2097151
2 1 2097151
2 1 2097151
2 1 2097151
2 1 2097151
2 1 2097151
2 1 2097151
2 1 2097151
2 1 2097151
2 1 2097151
2 1 2097151
2 1 2097151
2 1 2097151
2 1 2097151
2 1 2097151
2 1 2097151
2 1 2097151
2 1 2097151
2 1 2097151
2 1 2097151
2 1 4194303
2 1 4194303
2 1 4194303
2 1 4194303
2 1 4194303
2 1 4194303
2 1 4194303
2 1 4194303
2 1 4194303
2 1 4194303
2 1 4194303
2 1 4194303
2 1 4194303
2 1 4194303
2 1 4194303
2 1 4194303
2 1 4194303
2 1 4194303
2 1 4194303
2 1 4194303
2 1 4194303
2 1 4194303
2 1 4194303
2 1 4194303
2 1 4194303
2 1 8388607
2 1 8388607
2 1 8388607
2 1 8388607
2 1 8388607
2 1 8388607
2 1 8388607
2 1 8388607
2 1 8388607
2 1 8388607
2 1 8388607
2 1 8388607
2 1 8388607
2 1 8388607
2 1 8388607
2 1 8388607
2 1 8388607
2 1 8388607
2 1 8388607
2 1 8388607
2 0 8388607
2 0 8388607
2 0 8388607
2 0 8388607
2 0 8388607
2 0 16777215
2 0 16777215
2 0 16777215
2 0 16777215
2 0 16777215
2 0 16777215
2 0 16777215
2 0 16777215
2 0 16777215
2 0 16777215
2 0 16777215
2 0 16777215
2 0 16777215
2 0 16777215
2 0 16777215
2 0 16777215
2 0 16777215
2 0 16777215
2 0 16777215
2 0 16777215
2 0 16777215
2 0 16777215
2 0 16777215
2 0 16777215
2 0 16777215
2 0 33554431
2 0 33554431
2 0 33554431
2 0 33554431
2 0 33554431
2 0 33554431
2 0 33554431
2 0 33554431
2 0 33554431
2 0 33554431
2 0 33554431
2 0 33554431
2 0 33554431
2 0 33554431
2 0 33554431
2 0 33554431
2 0 33554431
2 0 33554431
2 0 33554431
2 0 33554431
2 0 33554431
2 0 33554431
2 0 33554431
2 0 33554431
2 0 33554431
2 0 67108863
2 0 67108863
2 0 67108863
2 0 67108863
2 0 67108863
2 0 67108863
2 0 67108863
2 0 67108863
2 0 67108863
2 0 67108863
2 0 67108863
2 0 67108863
2 0 67108863
2 0 67108863
2 0 67108863
2 2 67108863
2 2 67108863
2 2 67108863
2 2 67108863
2 2 67108863
2 2 67108863
2 2 67108863
2 2 67108863
2 2 67108863
2 2 67108863
2 2 134217727
2 2 134217727
2 2 134217727
2 2 134217727
2 2 134217727
2 2 134217727
2 2 134217727
2 2 134217727
2 2 134217727
2 2 134217727
2 2 134217727
2 2 134217727
2 2 134217727
2 2 134217727
2 2 134217727
2 2 134217727
2 2 134217727
2 2 134217727
2 2 134217727
2 2 134217727
2 2 134217727
2 2 134217727
2 2 134217727
2 2 134217727
2 2 134217727
2 2 268435455
2 2 268435455
2 2 268435455
2 2 268435455
2 2 268435455
2 2 268435455
2 2 268435455
2 2 268435455
2 2 268435455
2 2 268435455
2 2 268435455
2 2 268435455
2 2 268435455
2 2 268435455
2 2 268435455
2 2 268435455
2 2 268435455
2 2 268435455
2 2 268435455
2 2 268435455
2 2 268435455
2 2 268435455
2 2 268435455
2 2 268435455
2 2 268435455
2 2 536870911
2 2 536870911
2 2 536870911
2 2 536870911
2 2 536870911
2 2 536870911
2 2 536870911
2 2 536870911
2 2 536870911
2 2 536870911
2 2 536870911
2 2 536870911
2 2 536870911
2 2 536870911
2 2 536870911
2 2 536870911
2 2 536870911
2 2 536870911
2 2 536870911
2 2 536870911
2 2 536870911
2 2 536870911
2 2 536870911
2 2 536870911
2 2 536870911
2 2 1073741823
2 2 1073741823
2 2 1073741823
2 2 1073741823
2 2 1073741823
2 2 1073741823
2 2 1073741823
2 2 1073741823
2 2 1073741823
2 2 1073741823
2 2 1073741823
2 2 1073741823
2 2 1073741823
2 2 1073741823
2 2 1073741823
2 2 1073741823
2 2 1073741823
2 2 1073741823
2 2 1073741823
2 2 1073741823
2 2 1073741823
2 2 1073741823
2 2 1073741823
2 2 1073741823
2 2 2147483647
2 2 2147483647
2 2 2147483647
2 2 2147483647
2 2 2147483647
2 2 2147483647
2 2 2147483647
2 2 2147483647
2 2 2147483647
2 2 2147483647
2 2 2147483647
2 2 2147483647
2 2 2147483647
2 2 2147483647
2 2 2147483647
2 2 2147483647
2 2 2147483647
2 2 2147483647
2 2 2147483647
2 2 2147483647
2 2 2147483647
2 2 2147483647
2 2 2147483647
2 2 2147483647
2 2 2147483647
2 2 4294967295
2 2 4294967295
2 2 4294967295
2 2 4294967295
2 2 4294967295
2 2 4294967295
2 2 4294967295
2 2 4294967295
2 2 4294967295
2 2 4294967295
2 2 4294967295
2 2 4294967295
2 2 4294967295
2 2 4294967295
2 2 4294967295
2 2 4294967295
2 2 4294967294
2 2 4294967294
2 2 4294967294
2 2 4294967294
2 2 4294967294
2 2 4294967294
2 2 4294967294
2 2 4294967294
2 2 4294967294
2 2 4294967294
2 2 4294967294
2 2 4294967294
2 2 4294967294
2 2 4294967294
2 2 4294967294
2 2 4294967294
2 2 4294967294
2 2 4294967294
2 2 4294967294
2 2 4294967294
2 2 4294967294
2 2 4294967294
2 2 4294967294
2 2 4294967294
2 2 4294967294
2 2 4294967292
2 2 4294967292
2 2 4294967292
2 2 4294967292
2 2 4294967292
2 2 4294967292
2 2 4294967292
2 2 4294967292
2 2 4294967292
2 2 4294967292
2 2 4294967292
2 2 4294967292
2 2 4294967292
2 2 4294967292
2 2 4294967292
2 2 4294967292
2 2 4294967292
2 2 4294967292
2 2 4294967292
2 2 4294967292
2 2 4294967292
2 2 4294967292
2 2 4294967292
2 2 4294967292
2 2 4294967292
2 2 4294967288
2 2 4294967288
2 2 4294967288
2 2 4294967288
2 2 4294967288
2 2 4294967288
2 2 4294967288
2 2 4294967288
2 2 4294967288
2 2 4294967288
2 2 4294967288
2 2 4294967288
2 2 4294967288
2 2 4294967288
2 2 4294967288
2 2 4294967288
2 2 4294967288
2 2 4294967288
2 2 4294967288
2 2 4294967288
2 2 4294967288
2 2 4294967288
2 2 4294967288
2 2 4294967288
2 2 4294967288
2 2 4294967280
2 2 4294967280
2 2 4294967280
2 2 4294967280
2 2 4294967280
2 2 4294967280
2 2 4294967280
2 2 4294967280
2 2 4294967280
2 2 4294967280
2 2 4294967280
2 2 4294967280
2 2 4294967280
2 2 4294967280
2 2 4294967280
2 2 4294967280
2 2 4294967280
2 2 4294967280
2 2 4294967280
2 2 4294967280
2 2 4294967280
2 2 4294967280
2 2 4294967280
2 2 4294967280
2 2 4294967280
2 2 4294967264
2 2 4294967264
2 2 4294967264
2 2 4294967264
2 2 4294967264
2 2 4294967264
2 2 4294967264
2 2 4294967264
2 2 4294967264
2 2 4294967264
2 2 4294967264
2 2 4294967264
2 2 4294967264
2 2 4294967264
2 2 4294967264
2 2 4294967264
2 2 4294967264
2 2 4294967264
2 2 4294967264
2 2 4294967264
2 2 4294967264
2 2 4294967264
2 2 4294967264
2 2 4294967264
2 2 4294967264
2 2 4294967232
2 2 4294967232
2 2 4294967232
2 2 4294967232
2 2 4294967232
2 2 4294967232
2 2 4294967232
2 2 4294967232
2 2 4294967232
2 2 4294967232
2 2 4294967232
2 2 4294967232
2 2 4294967232
2 2 4294967232
2 2 4294967232
2 2 4294967232
2 2 4294967232
2 2 4294967232
2 2 4294967232
2 2 4294967232
2 2 4294967232
2 2 4294967232
2 2 4294967232
2 2 4294967232
2 2 4294967232
2 2 4294967168
2 2 4294967168
2 2 4294967168
2 2 4294967168
2 2 4294967168
2 2 4294967168
2 2 4294967168
2 2 4294967168
2 2 4294967168
2 2 4294967168
2 2 4294967168
2 2 4294967168
2 2 4294967168
2 2 4294967168
2 2 4294967168
2 2 4294967168
2 2 4294967168
2 2 4294967168
2 2 4294967168
2 2 4294967168
2 2 4294967168
2 2 4294967168
2 2 4294967168
2 2 4294967168
2 2 4294967168
2 2 4294967040
2 2 4294967040
2 2 4294967040
2 2 4294967040
2 2 4294967040
2 2 4294967040
2 2 4294967040
2 2 4294967040
2 2 4294967040
2 2 4294967040
2 2 4294967040
2 2 4294967040
2 2 4294967040
2 2 4294967040
2 2 4294967040
2 2 4294967040
2 2 4294967040
2 2 4294967040
2 2 4294967040
2 2 4294967040
2 2 4294967040
2 2 4294967040
2 2 4294967040
2 2 4294967040
2 2 4294967040
2 2 4294966784
2 2 4294966784
2 2 4294966784
2 2 4294966784
2 2 4294966784
2 2 4294966784
2 2 4294966784
2 2 4294966784
2 2 4294966784
2 2 4294966784
2 2 4294966784
2 2 4294966784
2 2 4294966784
2 2 4294966784
2 2 4294966784
2 2 4294966784
2 2 4294966784
2 2 4294966784
2 2 4294966784
2 2 4294966784
2 2 4294966784
2 2 4294966784
2 2 4294966784
2 2 4294966784
2 2 4294966784
2 2 4294966272
2 2 4294966272
2 2 4294966272
2 2 4294966272
2 2 4294966272
2 2 4294966272
2 2 4294966272
2 2 4294966272
2 2 4294966272
2 2 4294966272
2 2 4294966272
2 2 4294966272
2 2 4294966272
2 2 4294966272
2 2 4294966272
2 2 4294966272
2 2 4294966272
2 2 4294966272
2 2 4294966272
2 2 4294966272
2 2 4294966272
2 2 4294966272
2 2 4294966272
2 2 4294966272
2 2 4294966272
2 2 4294965248
2 2 4294965248
2 2 4294965248
2 2 4294965248
2 2 4294965248
2 2 4294965248
2 2 4294965248
2 2 4294965248
2 2 4294965248
2 2 4294965248
2 2 4294965248
2 2 4294965248
2 2 4294965248
2 2 4294965248
2 2 4294965248
2 2 4294965248
2 2 4294965248
2 2 4294965248
2 2 4294965248
2 2 4294965248
2 2 4294965248
2 2 4294965248
2 2 4294965248
2 2 4294965248
2 2 4294965248
2 2 4294963200
2 2 4294963200
2 2 4294963200
2 2 4294963200
2 2 4294963200
2 2 4294963200
2 2 4294963200
2 2 4294963200
2 2 4294963200
2 2 4294963200
2 2 4294963200
2 2 4294963200
2 2 4294963200
2 2 4294963200
2 2 4294963200
2 2 4294963200
2 2 4294963200
2 2 4294963200
2 2 4294963200
2 2 4294963200
2 2 4294963200
2 2 4294963200
2 2 4294963200
2 2 4294963200
2 2 4294963200
2 2 4294959104
2 2 4294959104
2 2 4294959104
2 2 4294959104
2 2 4294959104
2 2 4294959104
2 2 4294959104
2 2 4294959104
2 2 4294959104
2 2 4294959104
2 2 4294959104
2 2 4294959104
2 2 4294959104
2 2 4294959104
2 2 4294959104
2 2 4294959104
2 2 4294959104
2 2 4294959104
2 2 4294959104
2 2 4294959104
2 2 4294959104
2 2 4294959104
2 2 4294959104
2 2 4294959104
2 2 4294959104
2 2 4294950912
2 2 4294950912
2 2 4294950912
2 2 4294950912
2 2 4294950912
2 2 4294950912
2 2 4294950912
2 2 4294950912
2 2 4294950912
2 2 4294950912
2 2 4294950912
2 2 4294950912
2 2 4294950912
2 2 4294950912
2 2 4294950912
2 2 4294950912
2 2 4294950912
2 2 4294950912
2 2 4294950912
2 2 4294950912
2 2 4294950912
2 2 4294950912
2 2 4294950912
2 2 4294950912
2 2 4294950912
2 2 4294934528
2 2 4294934528
2 2 4294934528
2 2 4294934528
2 2 4294934528
2 2 4294934528
2 2 4294934528
2 2 4294934528
2 2 4294934528
2 2 4294934528
2 2 4294934528
2 2 4294934528
2 2 4294934528
2 2 4294934528
2 2 4294934528
2 2 4294934528
2 2 4294934528
2 2 4294934528
2 2 4294934528
2 2 4294934528
2 2 4294934528
2 2 4294934528
2 2 4294934528
2 2 4294934528
2 2 4294934528
2 2 4294901760
2 2 4294901760
2 2 4294901760
2 2 4294901760
2 2 4294901760
2 2 4294901760
2 2 4294901760
2 2 4294901760
2 2 4294901760
2 2 4294901760
2 2 4294901760
2 2 4294901760
2 2 4294901760
2 2 4294901760
2 2 4294901760
2 2 4294901760
2 2 4294901760
2 2 4294901760
2 2 4294901760
2 2 4294901760
2 2 4294901760
2 2 4294901760
2 2 4294901760
2 2 4294901760
2 2 4294901760
2 2 4294836224
2 2 4294836224
2 2 4294836224
2 2 4294836224
2 2 4294836224
2 2 4294836224
2 2 4294836224
2 2 4294836224
2 2 4294836224
2 2 4294836224
2 2 4294836224
2 2 4294836224
2 2 4294836224
2 2 4294836224
2 2 4294836224
2 2 4294836224
2 2 4294836224
2 2 4294836224
2 2 4294836224
2 2 4294836224
2 2 4294836224
2 2 4294836224
2 2 4294836224
2 2 4294836224
2 2 4294836224
2 2 4294705152
2 2 4294705152
2 2 4294705152
2 2 4294705152
2 2 4294705152
2 2 4294705152
2 2 4294705152
2 2 4294705152
2 2 4294705152
2 2 4294705152
2 2 4294705152
2 2 4294705152
2 2 4294705152
2 2 4294705152
2 2 4294705152
2 2 4294705152
2 2 4294705152
2 2 4294705152
2 2 4294705152
2 2 4294705152
2 2 4294705152
2 2 4294705152
2 2 4294705152
2 2 4294705152
2 2 4294705152
2 2 4294443008
2 2 4294443008
2 2 4294443008
2 2 4294443008
2 2 4294443008
2 2 4294443008
2 2 4294443008
2 2 4294443008
2 2 4294443008
2 2 4294443008
2 2 4294443008
2 2 4294443008
2 2 4294443008
2 2 4294443008
2 2 4294443008
2 2 4294443008
2 2 4294443008
2 2 4294443008
2 2 4294443008
2 2 4294443008
2 2 4294443008
2 2 4294443008
2 2 4294443008
2 2 4294443008
2 2 4294443008
2 2 4293918720
2 2 4293918720
2 2 4293918720
2 2 4293918720
2 2 4293918720
2 2 4293918720
2 2 4293918720
2 2 4293918720
2 2 4293918720
2 2 4293918720
2 2 4293918720
2 2 4293918720
2 2 4293918720
2 2 4293918720
2 2 4293918720
2 2 4293918720
2 2 4293918720
2 2 4293918720
2 2 4293918720
2 2 4293918720
2 2 4293918720
2 2 4293918720
2 2 4293918720
2 2 4293918720
2 2 4293918720
2 2 4292870144
2 2 4292870144
2 2 4292870144
2 2 4292870144
2 2 4292870144
2 2 4292870144
2 2 4292870144
2 2 4292870144
2 2 4292870144
2 2 4292870144
2 2 4292870144
2 2 4292870144
2 2 4292870144
2 2 4292870144
2 2 4292870144
2 2 4292870144
2 2 4292870144
2 2 4292870144
2 2 4292870144
2 2 4292870144
2 2 4292870144
3 2 4292870144
3 2 4292870144
3 2 4292870144
3 2 4292870144
3 2 4290772992
3 2 4290772992
3 2 4290772992
3 2 4290772992
3 2 4290772992
3 2 4290772992
3 2 4290772992
3 2 4290772992
3 2 4290772992
3 2 4290772992
3 2 4290772992
3 2 4290772992
3 2 4290772992
3 2 4290772992
3 2 4290772992
3 2 4290772992
3 2 4290772992
3 2 4290772992
3 2 4290772992
3 2 4290772992
3 2 4290772992
3 2 4290772992
3 2 4290772992
3 2 4290772992
3 2 4290772992
3 2 4286578688
3 2 4286578688
3 2 4286578688
3 2 4286578688
3 2 4286578688
3 2 4286578688
3 2 4286578688
3 2 4286578688
3 2 4286578688
3 2 4286578688
3 2 4286578688
3 2 4286578688
3 2 4286578688
3 2 4286578688
3 2 4286578688
3 2 4286578688
3 2 4286578688
3 2 4286578688
3 2 4286578688
3 2 4286578688
3 2 4286578688
3 2 4286578688
3 2 4286578688
3 2 4286578688
3 2 4286578688
3 2 4278190080
3 2 4278190080
3 2 4278190080
3 2 4278190080
3 2 4278190080
3 2 4278190080
3 2 4278190080
3 2 4278190080
3 2 4278190080
3 2 4278190080
3 2 4278190080
3 2 4278190080
3 2 4278190080
3 2 4278190080
3 2 4278190080
3 2 4278190080
3 2 4278190080
3 2 4278190080
3 2 4278190080
3 2 4278190080
3 2 4278190080
3 2 4278190080
3 2 4278190080
3 2 4278190080
3 2 4278190080
3 2 4261412864
3 2 4261412864
3 2 4261412864
3 2 4261412864
3 2 4261412864
3 2 4261412864
3 2 4261412864
3 2 4261412864
3 2 4261412864
3 2 4261412864
3 2 4261412864
3 2 4261412864
3 2 4261412864
3 2 4261412864
3 2 4261412864
3 2 4261412864
3 2 4261412864
3 2 4261412864
3 2 4261412864
3 2 4261412864
3 2 4261412864
3 2 4261412864
3 2 4261412864
3 2 4261412864
3 2 4261412864
3 2 4227858432
3 2 4227858432
3 2 4227858432
3 2 4227858432
3 2 4227858432
3 2 4227858432
3 2 4227858432
3 2 4227858432
3 2 4227858432
3 2 4227858432
3 2 4227858432
3 2 4227858432
3 2 4227858432
3 2 4227858432
3 2 4227858432
3 2 4227858432
3 2 4227858432
3 2 4227858432
3 2 4227858432
3 2 4227858432
3 2 4227858432
3 2 4227858432
3 2 4227858432
3 2 4227858432
3 2 4227858432
3 2 4160749568
3 2 4160749568
3 2 4160749568
3 2 4160749568
3 2 4160749568
3 2 4160749568
3 2 4160749568
3 2 4160749568
3 2 4160749568
3 2 4160749568
3 2 4160749568
3 2 4160749568
3 2 4160749568
3 2 4160749568
3 2 4160749568
3 2 4160749568
3 2 4160749568
3 2 4160749568
3 2 4160749568
3 2 4160749568
3 2 4160749568
3 2 4160749568
3 2 4160749568
3 2 4160749568
3 2 4160749568
3 2 4026531840
3 2 4026531840
3 2 4026531840
3 2 4026531840
3 2 4026531840
3 2 4026531840
3 2 4026531840
3 2 4026531840
3 2 4026531840
3 2 4026531840
3 2 4026531840
3 2 4026531840
3 2 4026531840
3 2 4026531840
3 2 4026531840
3 2 4026531840
3 2 4026531840
3 2 4026531840
3 2 4026531840
3 2 4026531840
3 2 4026531840
3 2 4026531840
3 2 4026531840
3 2 4026531840
3 2 4026531840
3 2 3758096384
3 2 3758096384
3 2 3758096384
3 2 3758096384
3 2 3758096384
3 2 3758096384
3 2 3758096384
3 2 3758096384
3 2 3758096384
3 2 3758096384
3 2 3758096384
3 2 3758096384
3 2 3758096384
3 2 3758096384
3 2 3758096384
3 2 3758096384
3 2 3758096384
3 2 3758096384
3 2 3758096384
3 2 3758096384
3 2 3758096384
3 2 3758096384
3 2 3758096384
3 2 3758096384
3 2 3758096384
3 2 3221225472
3 2 3221225472
3 2 3221225472
3 2 3221225472
3 2 3221225472
3 2 3221225472
3 2 3221225472
3 2 3221225472
3 2 3221225472
3 2 3221225472
3 2 3221225472
3 2 3221225472
3 2 3221225472
3 2 3221225472
3 2 3221225472
3 2 3221225472
3 2 3221225472
3 2 3221225472
3 2 3221225472
3 2 3221225472
3 2 3221225472
3 2 3221225472
3 2 3221225472
3 2 3221225472
3 2 2147483648
3 2 2147483648
3 2 2147483648
3 2 2147483648
3 2 2147483648
3 2 2147483648
3 2 2147483648
3 2 2147483648
3 2 2147483648
3 2 2147483648
3 2 2147483648
3 2 2147483648
3 2 2147483648
3 2 2147483648
3 2 2147483648
3 2 2147483648
3 2 2147483648
3 2 2147483648
3 2 2147483648
3 2 2147483648
3 2 2147483648
3 2 2147483648
3 2 2147483648
3 2 2147483648
3 2 2147483648
3 2 0
3 2 0
3 2 0
3 2 0
3 2 0
3 2 0
3 2 0
3 2 0
3 2 0
3 2 0
3 2 1
3 2 1
3 2 1
3 2 1
3 2 1
3 2 1
3 2 1
3 2 1
3 2 1
3 2 1
3 2 1
3 2 1
3 2 1
3 2 1
3 2 1
3 2 1
3 2 1
3 2 1
3 2 1
3 2 1
3 2 1
3 2 1
3 2 1
3 2 1
3 2 1
3 2 3
3 2 3
3 2 3
3 2 3
3 2 3
3 2 3
3 2 3
3 2 3
3 2 3
3 2 3
3 2 3
3 2 3
3 2 3
3 2 3
3 2 3
3 2 3
3 2 3
3 2 3
3 2 3
3 2 3
3 2 3
3 2 3
3 2 3
3 2 3
3 2 3
3 2 7
3 2 7
3 2 7
3 2 7
3 2 7
3 2 7
3 2 7
3 2 7
3 2 7
3 2 7
3 2 7
3 2 7
3 2 7
3 2 7
3 2 7
3 2 7
3 2 7
3 2 7
3 2 7
3 2 7
3 2 7
3 2 7
3 2 7
3 2 7
3 2 7
3 2 15
3 2 15
3 2 15
3 2 15
3 2 15
3 2 15
3 2 15
3 2 15
3 2 15
3 2 15
3 2 15
3 2 15
3 2 15
3 2 15
3 2 15
3 2 15
3 2 15
3 2 15
3 2 15
3 2 15
3 2 15
3 2 15
3 2 15
3 2 15
3 2 15
3 2 31
3 2 31
3 2 31
3 2 31
3 2 31
3 2 31
3 2 31
3 2 31
3 2 31
3 2 31
3 2 31
3 2 31
3 2 31
3 2 31
3 2 31
3 2 31
3 2 31
3 2 31
3 2 31
3 2 31
3 2 31
3 2 31
3 2 31
3 2 31
3 2 31
3 2 63
3 2 63
3 2 63
3 2 63
3 2 63
3 2 63
3 2 63
3 2 63
3 2 63
3 2 63
3 2 63
3 2 63
3 2 63
3 2 63
3 2 63
3 2 63
3 2 63
3 2 63
3 2 63
3 2 63
3 2 63
3 2 63
3 2 63
3 2 63
3 2 63
3 2 127
3 2 127
3 2 127
3 2 127
3 2 127
3 2 127
3 2 127
3 2 127
3 2 127
3 2 127
3 2 127
3 2 127
3 2 127
3 2 127
3 2 127
3 2 127
3 2 127
3 2 127
3 2 127
3 2 127
3 2 127
3 2 127
3 2 127
3 2 127
3 2 127
3 2 255
3 2 255
3 2 255
3 2 255
3 2 255
3 2 255
3 2 255
3 2 255
3 2 255
3 2 255
3 2 255
3 2 255
3 2 255
3 2 255
3 2 255
3 2 255
3 2 255
3 2 255
3 2 255
3 2 255
3 2 255
3 2 255
3 2 255
3 2 511
3 2 511
3 2 511
3 2 511
3 2 511
3 2 511
3 2 511
3 2 511
3 2 511
3 2 511
3 2 511
3 2 511
3 2 511
3 2 511
3 2 511
3 2 511
3 2 511
3 2 511
3 2 511
